2928 22
2928 23
2928 31
2928 59
2928 67
2928 70
2928 71
2928 85
2928 92
2929 36
2929 39
2929 43
2929 44
2929 48
2929 71
2929 89
2929 92
2930 11
2930 37
2930 43
2930 89
2930 90
2931 7
2931 33
2931 46
2931 64
2932 6
2932 13
2932 23
2932 40
2932 42
2932 44
2932 59
2932 71
2932 89
2932 90
2932 92
2932 93
2933 11
2933 17
2933 30
2933 34
2933 38
2933 63
2933 64
2933 67
2933 74
2933 86
2933 91
2933 92
2934 34
2934 39
2934 59
2934 63
2934 65
2934 95
2934 99
2935 9
2935 13
2935 20
2935 29
2935 30
2935 40
2935 43
2935 59
2935 67
2935 74
2936 26
2936 36
2936 40
2936 45
2936 47
2936 55
2936 62
2936 64
2936 71
2936 73
2936 83
2936 84
2937 34
2937 40
2937 65
2937 71
2937 83
2937 98
2938 6
2938 45
2938 47
2938 55
2938 59
2938 71
2938 79
2938 93
2939 4
2939 37
2939 60
2939 61
2939 66
2939 71
2939 73
2939 74
2939 98
2940 3
2940 20
2940 24
2940 26
2940 46
2940 49
2940 75
2940 85
2940 93
2940 98
2941 11
2941 20
2941 29
2941 40
2941 43
2941 60
2941 74
2942 71
2942 86
2942 93
2943 47
2943 49
2943 59
2943 67
2943 74
2943 93
2943 95
2943 96
2944 11
2944 20
2944 36
2944 37
2944 40
2944 55
2944 59
2944 60
2944 63
2944 85
2944 95
2945 2
2945 4
2945 11
2945 18
2945 36
2945 40
2945 50
2945 52
2945 55
2945 59
2945 60
2945 85
2945 92
2946 7
2946 25
2946 50
2946 51
2946 67
2946 74
2946 85
2947 6
2947 31
2947 35
2947 40
2947 81
2947 92
2948 3
2948 23
2948 28
2948 67
2948 71
2948 93
2948 98
2949 7
2949 31
2949 37
2949 40
2949 55
2949 61
2950 4
2950 8
2950 23
2950 60
2950 74
2950 78
2950 98
2951 47
2951 64
2951 65
2951 78
2952 31
2952 55
2952 63
2952 71
2952 74
2952 92
2953 7
2953 24
2953 26
2953 29
2953 34
2953 59
2953 73
2953 78
2953 85
2954 40
2954 47
2954 63
2954 65
2954 85
2954 92
2955 16
2955 20
2955 21
2955 40
2955 46
2955 52
2955 55
2955 57
2955 59
2955 60
2955 65
2955 66
2955 73
2955 98
2956 8
2956 13
2956 15
2956 21
2956 28
2956 47
2956 54
2956 57
2956 59
2956 93
2956 97
2957 20
2957 61
2957 63
2957 73
2958 37
2958 38
2958 48
2958 60
2958 75
2958 78
2958 92
2958 96
2958 98
2959 6
2959 7
2959 11
2959 36
2959 37
2959 40
2959 59
2959 60
2959 67
2959 92
2960 11
2960 17
2960 37
2960 43
2960 54
2960 57
2960 59
2960 60
2960 61
2960 75
2960 89
2960 90
2960 93
2960 97
2961 6
2961 7
2961 35
2961 39
2961 48
2961 57
2961 59
2961 92
2961 93
2962 19
2962 60
2962 75
2962 98
2963 3
2963 22
2963 74
2963 82
2963 91
2964 26
2964 47
2964 55
2964 71
2964 73
2964 83
2964 84
2964 90
2964 92
2964 98
2965 18
2965 31
2965 37
2965 41
2965 55
2965 59
2965 74
2965 92
2966 36
2966 43
2966 48
2966 63
2966 66
2966 71
2966 92
2967 13
2967 36
2967 40
2967 89
2967 98
2968 23
2968 63
2968 65
2968 71
2968 86
2968 95
2969 29
2970 21
2970 36
2970 47
2970 55
2970 67
2970 93
2971 13
2971 23
2971 65
2971 73
2971 74
2971 98
2972 18
2972 26
2972 37
2972 42
2972 55
2972 83
2972 84
2973 9
2973 11
2973 13
2973 19
2973 34
2973 36
2973 42
2973 54
2973 63
2973 75
2973 89
2974 20
2974 29
2974 38
2974 40
2974 43
2974 63
2974 67
2974 74
2974 92
2975 7
2975 29
2975 59
2975 62
2975 73
2975 78
2975 85
2976 4
2976 17
2976 42
2976 43
2976 49
2976 50
2976 55
2976 63
2976 78
2976 92
2977 23
2977 43
2977 63
2977 92
2978 53
2978 63
2978 74
2978 86
2978 91
2979 6
2979 8
2979 13
2979 20
2979 24
2979 60
2979 71
2979 95
2980 23
2980 37
2980 42
2980 55
2981 34
2981 36
2981 43
2981 44
2981 48
2981 49
2981 51
2981 53
2981 59
2981 89
2981 91
2982 39
2982 40
2982 50
2982 51
2982 67
2982 74
2982 77
2982 85
2983 3
2983 6
2983 23
2983 40
2983 43
2983 44
2983 47
2983 48
2983 77
2983 85
2983 92
2984 28
2984 53
2984 61
2984 63
2984 89
2984 92
2984 93
2984 98
2985 11
2985 17
2985 37
2985 43
2985 50
2985 59
2985 71
2985 89
2985 90
2985 92
2985 98
2986 4
2986 7
2986 42
2986 60
2986 74
2987 6
2987 11
2987 17
2987 36
2987 37
2987 55
2987 60
2988 22
2988 31
2988 34
2988 71
2988 73
2988 93
2989 6
2989 8
2989 33
2989 60
2989 95
2990 2
2990 6
2990 7
2990 16
2990 28
2990 43
2990 44
2990 50
2990 53
2990 85
2990 91
2990 98
2991 8
2991 13
2991 95
2991 96
2992 85
2993 13
2993 31
2993 55
2993 64
2993 71
2993 78
2993 92
2993 96
2994 22
2994 36
2994 37
2994 38
2994 48
2994 57
2994 59
2994 63
2994 83
2994 89
2994 97
2995 7
2995 40
2995 55
2995 59
2995 71
2995 77
2995 95
2996 31
2996 34
2996 36
2996 37
2996 40
2996 92
2997 7
2997 29
2997 40
2997 47
2997 59
2997 62
2997 73
2997 78
2997 85
2998 40
2998 59
2998 61
2998 63
2998 65
2998 73
2998 92
2999 4
2999 17
2999 55
2999 63
2999 83
2999 95
3000 13
3000 38
3000 48
3000 55
3000 83
3000 84
3001 3
3001 8
3001 9
3001 13
3001 20
3001 33
3001 34
3001 35
3001 36
3001 37
3001 50
3001 55
3001 61
3001 67
3001 75
3001 89
3001 90
3001 92
3001 93
3002 22
3002 31
3002 39
3002 43
3002 53
3002 55
3002 85
3002 98
3003 22
3003 23
3003 31
3003 59
3003 67
3003 70
3003 71
3003 85
3003 92
3004 2
3004 28
3004 33
3004 51
3004 53
3004 63
3004 93
3005 7
3005 11
3005 30
3005 50
3005 59
3005 64
3005 67
3005 93
3005 95
3006 22
3006 34
3006 71
3007 30
3007 67
3007 89
3008 7
3008 29
3008 47
3008 61
3008 77
3008 89
3008 92
3008 93
3009 28
3009 33
3009 36
3009 40
3009 55
3009 93
3010 7
3010 13
3010 28
3010 43
3010 55
3010 61
3010 64
3010 75
3010 94
3011 6
3011 7
3011 13
3011 23
3011 35
3011 36
3011 39
3011 42
3011 44
3011 59
3011 62
3011 63
3011 66
3011 81
3011 92
3012 6
3012 7
3012 24
3012 31
3012 34
3012 36
3012 40
3012 44
3012 46
3012 55
3012 59
3012 63
3012 78
3012 85
3012 92
3012 98
3013 21
3013 43
3013 56
3013 88
3013 96
3014 7
3014 25
3014 45
3014 47
3014 59
3014 79
3015 7
3015 23
3015 35
3015 52
3015 86
3015 93
3016 3
3016 4
3016 23
3016 39
3016 53
3016 59
3016 63
3016 71
3016 73
3016 86
3017 41
3017 71
3017 73
3017 92
3017 96
3018 13
3018 31
3018 55
3018 64
3018 65
3018 71
3018 78
3018 84
3018 92
3018 96
3019 30
3019 43
3019 55
3019 59
3019 65
3019 71
3020 8
3020 18
3020 29
3020 37
3020 51
3020 63
3020 89
3020 95
3020 99
3021 3
3021 7
3021 13
3021 23
3021 34
3021 41
3021 55
3021 59
3021 60
3021 71
3021 83
3021 92
3022 25
3022 39
3022 73
3022 92
3022 96
3022 98
3023 17
3023 60
3023 67
3024 13
3024 17
3024 39
3024 55
3024 56
3024 74
3024 92
3024 95
3024 99
3025 20
3025 37
3025 39
3025 43
3025 50
3025 57
3025 83
3025 88
3025 91
3025 92
3026 3
3026 7
3026 11
3026 24
3026 39
3026 40
3026 56
3026 59
3027 13
3027 31
3027 40
3027 55
3027 64
3027 71
3027 73
3027 78
3027 89
3027 92
3027 96
3028 7
3028 8
3028 11
3028 24
3028 64
3028 70
3028 85
3028 98
3029 7
3029 16
3029 23
3029 33
3029 37
3029 43
3029 63
3029 64
3030 6
3030 9
3030 21
3030 36
3030 40
3030 47
3030 55
3030 61
3030 67
3030 93
3031 29
3031 39
3031 55
3031 67
3031 74
3031 85
3031 89
3032 11
3032 13
3032 29
3032 36
3032 39
3032 43
3032 51
3032 74
3032 77
3033 11
3033 40
3033 47
3033 60
3033 61
3033 73
3033 74
3034 7
3034 18
3034 22
3034 32
3034 37
3034 42
3034 55
3034 61
3034 63
3034 74
3035 3
3035 6
3035 28
3035 59
3035 63
3035 93
3036 6
3036 31
3036 36
3036 44
3036 49
3036 55
3036 59
3036 63
3036 71
3037 4
3037 6
3037 16
3037 23
3037 30
3037 36
3037 39
3037 43
3037 44
3037 45
3037 50
3037 55
3037 59
3037 63
3037 67
3037 74
3038 23
3038 24
3038 26
3038 36
3038 43
3038 44
3038 47
3038 55
3038 59
3038 63
3038 90
3038 92
3039 3
3039 19
3039 36
3039 43
3039 49
3039 57
3039 59
3039 71
3039 75
3039 78
3039 90
3040 3
3040 6
3040 8
3040 59
3040 60
3040 71
3040 73
3041 7
3041 31
3041 36
3041 55
3041 60
3041 63
3041 85
3042 6
3042 8
3042 23
3042 37
3042 43
3042 71
3042 92
3043 49
3043 65
3043 67
3043 71
3043 73
3043 98
3044 28
3044 36
3044 37
3044 64
3044 73
3044 92
3044 96
3044 97
3045 7
3045 13
3045 16
3045 21
3045 33
3045 43
3045 44
3045 47
3045 55
3045 59
3045 65
3045 74
3045 97
3046 34
3046 43
3046 44
3046 45
3046 47
3046 64
3046 96
3047 38
3047 50
3047 51
3047 59
3047 63
3047 67
3048 11
3048 13
3048 55
3048 65
3048 71
3048 92
3048 98
3049 22
3049 23
3049 31
3049 59
3049 67
3049 70
3049 71
3049 85
3049 92
3050 6
3050 11
3050 13
3050 43
3050 54
3050 71
3050 77
3051 3
3051 7
3051 23
3051 24
3051 31
3051 35
3051 85
3051 86
3052 13
3052 18
3052 55
3052 63
3052 65
3052 92
3053 4
3053 25
3053 39
3053 48
3053 60
3054 6
3054 13
3054 24
3054 37
3054 55
3054 63
3054 65
3054 73
3054 78
3054 92
3055 13
3055 16
3055 24
3055 36
3055 40
3055 44
3055 65
3055 89
3055 95
3055 98
3056 37
3056 47
3056 49
3056 62
3056 63
3056 65
3056 66
3056 73
3056 85
3056 92
3057 13
3057 34
3057 43
3057 44
3057 63
3057 71
3057 83
3058 8
3058 17
3058 60
3058 67
3058 71
3058 73
3058 92
3058 95
3058 96
3059 31
3059 36
3059 59
3059 63
3059 74
3059 95
3059 99
3060 19
3060 30
3060 43
3060 63
3060 67
3060 89
3061 11
3061 37
3061 38
3061 50
3061 63
3061 64
3061 67
3061 92
3062 4
3062 8
3062 34
3062 36
3062 39
3062 43
3062 45
3062 90
3062 98
3063 13
3063 19
3063 23
3063 36
3063 40
3063 47
3063 60
3063 61
3063 64
3063 71
3063 73
3063 92
3063 93
3064 17
3064 33
3064 60
3064 64
3064 67
3064 73
3064 96
3064 98
3065 6
3065 21
3065 36
3065 44
3065 47
3065 55
3065 63
3065 67
3065 93
3066 41
3066 44
3066 55
3066 59
3066 65
3066 89
3066 92
3067 11
3067 22
3067 23
3067 31
3067 59
3067 67
3067 70
3067 71
3067 85
3067 92
3068 22
3068 28
3068 29
3068 34
3068 48
3068 59
3068 64
3068 81
3068 93
3068 98
3069 6
3069 43
3069 62
3069 67
3069 88
3070 4
3070 23
3070 55
3070 60
3071 29
3071 37
3071 42
3071 55
3071 64
3071 85
3071 93
3072 11
3072 34
3072 49
3072 55
3072 59
3072 63
3072 64
3072 83
3072 95
3073 6
3073 21
3073 31
3073 36
3073 39
3073 47
3073 48
3073 55
3073 61
3073 63
3073 67
3073 89
3073 92
3073 93
3074 33
3074 37
3074 42
3074 55
3074 59
3074 67
3074 85
3074 93
3075 13
3075 22
3075 53
3075 55
3075 71
3075 74
3075 83
3076 3
3076 4
3076 21
3076 36
3076 39
3076 43
3076 45
3076 88
3076 98
3077 6
3077 11
3077 17
3077 36
3077 37
3077 43
3077 44
3077 49
3077 89
3077 90
3078 6
3078 40
3078 92
3079 7
3079 39
3079 59
3079 71
3079 92
3080 4
3080 13
3080 20
3080 40
3080 46
3080 55
3080 83
3081 8
3081 18
3081 37
3081 92
3081 98
3082 7
3082 20
3082 21
3082 47
3082 55
3082 59
3082 62
3082 71
3082 74
3082 92
3082 93
3082 97
3083 4
3083 13
3083 40
3083 55
3083 83
3084 31
3084 34
3084 36
3084 40
3084 43
3084 55
3084 60
3084 63
3084 66
3084 71
3085 20
3085 26
3085 31
3085 33
3085 47
3085 55
3085 63
3085 89
3086 22
3086 37
3086 44
3086 53
3086 55
3086 71
3087 9
3087 23
3087 42
3087 59
3087 74
3087 91
3087 92
3087 97
3087 98
3088 6
3088 7
3088 11
3088 16
3088 23
3088 28
3088 39
3089 7
3089 23
3089 35
3089 59
3089 63
3089 92
3090 3
3090 7
3090 13
3090 20
3090 29
3090 39
3090 40
3090 43
3090 44
3090 50
3090 59
3091 73
3091 78
3091 83
3091 96
3091 98
3092 7
3092 9
3092 13
3092 27
3092 34
3092 37
3092 47
3092 55
3092 63
3092 66
3092 78
3093 40
3093 43
3093 47
3093 71
3093 92
3093 98
3094 6
3094 7
3094 42
3094 61
3094 74
3094 78
3094 89
3094 95
3095 11
3095 20
3095 31
3095 36
3095 46
3095 59
3095 61
3095 63
3095 74
3095 89
3096 34
3096 36
3096 39
3096 63
3096 71
3096 77
3096 92
3097 15
3097 16
3097 21
3097 30
3097 43
3097 44
3097 47
3097 67
3097 97
3098 7
3098 26
3098 59
3098 93
3099 54
3099 57
3099 59
3099 93
3100 31
3100 39
3100 43
3100 85
3100 98
3101 6
3101 13
3101 22
3101 37
3101 42
3101 45
3101 71
3101 77
3101 85
3101 92
3101 93
3102 7
3102 13
3102 33
3102 37
3102 44
3102 46
3102 64
3103 13
3103 25
3103 42
3103 43
3103 44
3103 55
3103 85
3103 86
3103 92
3104 8
3104 13
3104 23
3104 41
3104 55
3104 59
3104 73
3104 92
3105 27
3105 28
3105 41
3105 60
3105 75
3105 95
3105 98
3106 13
3106 22
3106 28
3106 36
3106 64
3106 71
3106 92
3106 94
3106 96
3107 2
3107 4
3107 7
3107 13
3107 28
3107 29
3107 33
3107 47
3107 60
3108 2
3108 7
3108 11
3108 29
3108 31
3108 60
3108 85
3108 89
3109 22
3109 23
3109 31
3109 59
3109 67
3109 70
3109 71
3109 85
3109 92
3109 93
3110 3
3110 36
3110 39
3110 40
3110 59
3110 92
3111 13
3111 29
3111 40
3111 63
3111 64
3111 65
3111 92
3111 93
3112 59
3112 74
3113 13
3113 37
3113 63
3113 65
3113 71
3113 73
3113 91
3114 20
3114 23
3114 29
3114 40
3114 43
3114 51
3114 55
3114 59
3114 63
3114 74
3115 11
3115 19
3115 26
3115 36
3115 37
3115 42
3115 45
3115 54
3115 63
3115 75
3116 2
3116 11
3116 20
3116 26
3116 36
3116 47
3116 60
3116 71
3116 93
3116 98
3117 8
3117 13
3117 15
3117 21
3117 47
3117 89
3117 92
3117 95
3117 97
3118 18
3118 21
3118 37
3118 42
3118 55
3118 59
3118 74
3119 13
3119 34
3119 40
3119 63
3119 73
3119 86
3119 96
3120 22
3120 23
3120 31
3120 59
3120 67
3120 70
3120 71
3120 85
3120 92
3121 3
3121 6
3121 11
3121 20
3121 29
3121 36
3121 40
3121 42
3121 43
3121 67
3121 74
3121 85
3122 3
3122 13
3122 36
3122 43
3122 51
3122 95
3123 6
3123 13
3123 23
3123 37
3123 55
3123 57
3123 59
3123 65
3123 74
3123 93
3124 4
3124 11
3124 17
3124 18
3124 29
3124 36
3124 37
3124 39
3124 43
3124 52
3124 74
3124 89
3124 90
3124 98
3124 99
3125 40
3125 55
3125 59
3125 60
3125 73
3125 74
3125 85
3125 95
3126 7
3126 17
3126 36
3126 39
3126 43
3126 55
3126 73
3126 89
3126 92
3127 4
3127 13
3127 40
3127 55
3127 83
3128 2
3128 7
3128 26
3128 59
3128 62
3128 73
3128 78
3128 85
3129 7
3129 30
3129 32
3129 42
3129 59
3129 61
3129 67
3129 74
3130 6
3130 7
3130 9
3130 13
3130 23
3130 40
3130 51
3130 61
3130 71
3130 73
3130 74
3131 25
3131 31
3131 34
3131 36
3131 40
3131 43
3131 86
3131 92
3132 4
3132 13
3132 27
3132 40
3132 41
3132 47
3132 55
3132 59
3132 63
3132 64
3132 83
3132 92
3133 6
3133 13
3133 23
3133 36
3133 60
3133 61
3133 63
3133 65
3133 71
3133 91
3133 92
3134 33
3135 23
3135 36
3135 39
3135 43
3135 48
3135 54
3135 60
3135 77
3135 89
3135 92
3135 93
3136 16
3136 23
3136 40
3136 43
3136 47
3136 55
3136 59
3136 67
3136 71
3136 78
3136 85
3136 95
3136 98
3137 11
3137 18
3137 31
3137 40
3137 42
3137 51
3137 55
3137 59
3137 73
3138 21
3138 23
3138 43
3138 47
3138 59
3138 63
3138 74
3138 97
3139 6
3139 29
3139 39
3139 42
3139 43
3139 44
3139 47
3139 63
3139 74
3139 89
3140 24
3140 48
3140 60
3140 63
3140 67
3140 74
3140 78
3140 95
3140 99
3141 6
3141 13
3141 31
3141 34
3141 36
3141 43
3141 51
3141 53
3141 59
3141 63
3141 66
3141 71
3141 73
3141 92
3142 13
3142 30
3142 31
3142 55
3142 73
3142 78
3142 92
3142 98
3143 6
3143 16
3143 23
3143 24
3143 38
3143 44
3143 59
3143 63
3144 31
3144 73
3144 74
3144 92
3144 93
3144 97
3145 22
3145 23
3145 31
3145 59
3145 67
3145 70
3145 71
3145 85
3145 92
3146 3
3146 17
3146 37
3146 63
3146 74
3146 91
3146 92
3146 97
3146 99
3147 3
3147 22
3147 23
3147 59
3147 92
3147 95
3148 13
3148 43
3148 55
3148 67
3148 71
3148 78
3148 92
3148 95
3148 96
3149 11
3149 13
3149 31
3149 55
3149 63
3149 64
3149 71
3149 78
3149 92
3149 96
3150 3
3150 7
3150 35
3150 39
3150 42
3150 49
3150 50
3150 59
3150 66
3150 81
3150 91
3150 97
3151 6
3151 11
3151 23
3151 37
3151 50
3151 64
3151 71
3152 22
3152 31
3152 37
3152 40
3152 43
3152 53
3152 55
3152 64
3152 73
3152 98
3153 4
3153 60
3153 64
3154 13
3154 31
3154 36
3154 43
3154 51
3154 55
3154 64
3154 71
3154 78
3154 92
3155 6
3155 7
3155 73
3155 89
3155 96
3155 98
3156 27
3156 41
3156 60
3157 3
3157 4
3157 49
3157 50
3157 85
3157 98
3158 38
3158 39
3158 40
3158 59
3158 63
3158 67
3158 71
3158 77
3159 6
3159 13
3159 28
3159 29
3159 34
3159 39
3159 55
3159 59
3159 60
3159 64
3159 73
3159 74
3159 94
3160 3
3160 26
3160 27
3160 33
3160 39
3160 47
3160 55
3160 63
3160 64
3160 92
3161 3
3161 25
3161 30
3161 31
3161 34
3161 36
3161 40
3161 47
3161 59
3161 67
3161 83
3161 86
3161 92
3162 11
3162 13
3162 27
3162 41
3162 49
3162 55
3162 60
3162 65
3162 89
3162 93
3163 7
3163 11
3163 19
3163 23
3163 24
3163 43
3163 55
3163 65
3163 71
3163 77
3164 20
3164 23
3164 37
3164 42
3164 44
3164 55
3164 63
3164 92
3165 8
3165 16
3165 17
3165 23
3165 65
3165 71
3165 97
3166 17
3166 30
3166 31
3166 57
3166 59
3166 67
3166 73
3166 89
3166 93
3167 6
3167 38
3167 61
3167 63
3167 64
3167 67
3167 71
3167 75
3167 78
3167 89
3168 23
3168 24
3168 34
3168 36
3168 43
3168 56
3168 63
3169 31
3169 35
3169 39
3169 43
3169 44
3169 49
3169 51
3169 63
3169 73
3169 85
3169 97
3169 98
3170 4
3170 7
3170 26
3170 33
3170 38
3170 43
3170 44
3170 49
3170 50
3170 51
3170 55
3170 63
3170 85
3170 91
3170 93
3171 28
3171 36
3171 37
3171 63
3171 92
3171 93
3172 37
3172 39
3172 55
3172 59
3172 67
3172 77
3172 89
3172 95
3173 36
3173 42
3173 59
3173 74
3173 77
3173 85
3173 92
3174 24
3174 36
3174 38
3174 59
3174 63
3174 67
3174 74
3175 8
3175 63
3175 66
3175 67
3176 2
3176 4
3176 15
3176 28
3176 33
3176 47
3176 60
3176 93
3176 97
3177 4
3177 37
3177 60
3177 92
3178 55
3178 62
3178 67
3178 95
3179 7
3179 23
3179 35
3179 52
3179 59
3179 61
3179 63
3179 65
3179 85
3179 86
3179 92
3180 8
3180 13
3180 18
3180 20
3180 42
3180 55
3180 63
3180 71
3180 83
3180 92
3181 20
3181 23
3181 33
3181 40
3181 43
3181 49
3181 55
3181 93
3182 24
3182 45
3182 52
3182 56
3182 59
3183 45
3183 47
3183 59
3183 67
3183 71
3183 78
3183 79
3183 83
3183 98
3184 7
3184 13
3184 17
3184 51
3184 53
3184 55
3184 63
3184 67
3184 92
3184 93
3184 95
3185 13
3185 22
3185 25
3185 49
3185 66
3185 78
3185 83
3185 90
3186 4
3186 13
3186 22
3186 23
3186 36
3186 43
3186 44
3186 50
3186 53
3186 55
3186 61
3186 63
3186 66
3186 71
3186 85
3187 6
3187 36
3187 60
3187 71
3187 74
3188 13
3188 31
3188 64
3188 71
3188 78
3188 92
3188 96
3189 6
3189 11
3189 55
3189 64
3189 90
3189 92
3189 95
3190 13
3190 20
3190 26
3190 40
3190 43
3190 44
3190 55
3190 65
3190 71
3190 74
3190 77
3190 94
3191 23
3191 43
3191 54
3191 77
3191 93
3192 11
3192 13
3192 19
3192 36
3192 42
3192 54
3192 57
3192 59
3192 63
3192 74
3192 93
3193 16
3193 34
3193 36
3193 45
3193 53
3193 65
3193 96
3194 15
3194 17
3194 21
3194 55
3194 59
3194 60
3194 67
3194 85
3194 95
3194 97
3195 7
3195 61
3195 63
3195 65
3195 92
3196 3
3196 37
3196 39
3196 49
3196 55
3196 63
3196 85
3196 98
3197 16
3197 24
3197 44
3197 65
3198 8
3198 11
3198 13
3198 17
3198 31
3198 37
3198 43
3198 55
3198 71
3198 78
3198 89
3198 90
3198 92
3198 96
3199 2
3199 4
3199 13
3199 16
3199 30
3199 36
3199 44
3199 53
3199 65
3199 67
3199 85
3199 89
3199 99
3200 3
3200 59
3200 63
3200 64
3200 74
3200 75
3201 4
3201 13
3201 40
3201 59
3201 60
3201 67
3201 71
3201 74
3201 77
3201 91
3202 2
3202 13
3202 17
3202 33
3202 43
3202 91
3203 7
3203 13
3203 19
3203 43
3203 44
3203 47
3203 55
3203 71
3203 73
3204 6
3204 16
3204 43
3204 71
3204 88
3205 3
3205 6
3205 40
3205 43
3205 44
3205 55
3205 63
3206 43
3206 63
3206 66
3206 71
3207 28
3207 55
3207 65
3207 71
3207 94
3208 7
3208 23
3208 35
3208 52
3208 53
3208 63
3208 86
3209 4
3209 7
3209 9
3209 13
3209 34
3209 49
3209 60
3209 75
3209 98
3209 99
3210 9
3210 42
3210 78
3210 97
3211 13
3211 26
3211 29
3211 34
3211 36
3211 43
3211 49
3211 50
3211 63
3211 88
3211 91
3211 92
3211 93
3212 3
3212 13
3212 23
3212 33
3212 36
3212 44
3212 55
3212 67
3212 74
3212 85
3212 93
3212 95
3212 98
3213 7
3213 8
3213 18
3213 37
3213 42
3213 55
3213 98
3214 26
3214 36
3214 39
3214 48
3214 55
3214 83
3214 84
3214 89
3214 92
3215 11
3215 13
3215 34
3215 36
3215 37
3215 59
3215 60
3215 63
3216 13
3216 22
3216 42
3216 59
3216 71
3216 74
3216 77
3216 85
3217 7
3217 22
3217 37
3217 39
3217 47
3217 53
3217 55
3217 59
3217 61
3218 7
3218 11
3218 40
3218 46
3218 47
3218 61
3218 64
3218 83
3219 13
3219 22
3219 31
3219 57
3219 59
3219 73
3219 78
3219 93
3220 27
3220 61
3220 64
3220 73
3220 96
3221 11
3221 31
3221 36
3221 37
3221 39
3221 43
3221 59
3221 60
3221 85
3221 98
3222 9
3222 42
3222 47
3222 61
3222 63
3222 65
3222 71
3222 77
3222 92
3222 97
3223 37
3223 42
3223 43
3223 47
3223 55
3223 61
3223 65
3223 73
3223 74
3223 85
3223 93
3223 98
3224 23
3224 39
3224 43
3224 56
3224 59
3224 74
3224 98
3225 7
3225 13
3225 16
3225 21
3225 23
3225 24
3225 31
3225 43
3225 47
3225 50
3225 55
3225 59
3225 71
3225 74
3225 91
3225 97
3226 3
3226 19
3226 36
3226 43
3226 49
3226 75
3226 78
3226 92
3226 93
3227 9
3227 13
3227 23
3227 33
3227 36
3227 41
3227 47
3227 53
3227 60
3227 71
3228 7
3228 8
3228 47
3228 49
3228 55
3228 56
3228 92
3228 93
3229 36
3229 37
3229 43
3229 89
3229 92
3230 11
3230 31
3230 34
3230 36
3230 40
3230 41
3230 55
3230 59
3230 77
3230 92
3230 98
3231 37
3231 42
3231 43
3231 55
3231 56
3231 61
3231 73
3231 85
3232 13
3232 24
3232 28
3232 41
3232 47
3232 53
3232 92
3232 93
3232 98
3233 7
3233 22
3233 24
3233 43
3233 46
3233 50
3233 59
3233 61
3233 65
3233 73
3233 78
3233 85
3233 98
3234 6
3234 28
3234 44
3234 55
3234 63
3234 64
3234 94
3235 23
3235 36
3235 73
3235 90
3236 2
3236 8
3236 23
3236 37
3237 59
3237 63
3237 65
3237 74
3237 93
3237 95
3237 96
3238 4
3238 43
3238 93
3238 99
3239 13
3239 17
3239 22
3239 34
3239 40
3239 43
3239 45
3239 55
3239 61
3239 64
3239 71
3239 77
3239 92
3239 96
3239 99
3240 7
3240 11
3240 13
3240 36
3240 37
3240 43
3240 55
3240 59
3240 60
3240 63
3240 73
3241 29
3241 37
3241 40
3241 65
3241 93
3241 96
3242 25
3242 36
3242 59
3242 74
3242 78
3242 83
3242 92
3243 23
3243 47
3243 55
3243 59
3243 63
3243 70
3243 98
3244 7
3244 23
3244 30
3244 67
3244 74
3244 77
3244 84
3244 89
3244 92
3244 98
3245 6
3245 11
3245 36
3245 37
3245 42
3245 45
3245 59
3245 60
3245 75
3245 89
3246 4
3246 7
3246 18
3246 37
3246 42
3246 47
3246 55
3246 60
3246 61
3246 92
3247 3
3247 4
3247 13
3247 23
3247 43
3248 56
3248 60
3248 70
3248 74
3248 79
3248 98
3249 6
3249 11
3249 13
3249 16
3249 23
3249 39
3249 65
3249 73
3249 89
3249 92
3249 98
3250 3
3250 6
3250 11
3250 13
3250 47
3250 59
3250 63
3250 71
3251 13
3251 16
3251 28
3251 36
3251 53
3251 65
3251 67
3251 92
3251 93
3252 22
3252 23
3252 43
3252 55
3252 60
3252 65
3252 66
3252 74
3252 78
3252 98
3253 20
3253 29
3253 40
3253 43
3253 49
3253 66
3253 74
3254 31
3254 34
3254 36
3254 40
3254 92
3255 7
3255 36
3255 40
3255 44
3255 49
3255 63
3255 77
3255 85
3256 7
3256 19
3256 23
3256 24
3256 52
3256 65
3256 73
3256 86
3256 92
3256 98
3257 22
3257 23
3257 31
3257 59
3257 67
3257 70
3257 71
3257 85
3257 92
3258 7
3258 13
3258 23
3258 36
3258 43
3258 46
3258 51
3258 64
3258 67
3258 78
3259 11
3259 36
3259 37
3259 38
3259 59
3259 63
3259 67
3259 92
3259 93
3260 13
3260 16
3260 36
3260 43
3260 44
3260 52
3260 59
3260 63
3260 89
3261 23
3261 65
3261 73
3261 78
3261 90
3261 98
3262 0
3262 13
3262 24
3262 26
3262 47
3262 59
3262 63
3262 70
3262 74
3262 75
3262 98
3263 3
3263 7
3263 47
3263 48
3263 56
3263 60
3263 89
3264 4
3264 13
3264 30
3264 40
3264 43
3264 55
3264 56
3264 59
3264 64
3264 67
3264 73
3264 74
3264 83
3265 17
3265 39
3265 59
3265 71
3265 74
3265 78
3265 83
3265 98
3265 99
3266 31
3266 39
3266 42
3266 55
3266 59
3266 71
3266 74
3266 97
3266 98
3267 7
3267 20
3267 29
3267 39
3267 63
3267 71
3267 88
3267 93
3268 43
3268 44
3268 47
3268 57
3268 59
3268 93
3269 13
3269 22
3269 26
3269 29
3269 55
3269 59
3269 65
3269 71
3269 83
3269 84
3269 96
3270 25
3270 29
3270 39
3270 55
3270 61
3270 63
3270 65
3270 89
3270 92
3271 7
3271 25
3272 7
3272 17
3272 25
3272 40
3272 43
3272 49
3272 61
3272 63
3272 65
3272 77
3272 86
3272 92
3272 93
3273 20
3273 23
3273 29
3273 40
3273 43
3273 46
3273 74
3273 98
3274 2
3274 11
3274 13
3274 18
3274 20
3274 29
3274 40
3274 43
3274 50
3274 52
3274 55
3274 60
3274 63
3274 74
3275 2
3275 11
3275 21
3275 49
3275 51
3275 60
3275 64
3275 88
3276 22
3276 60
3276 74
3276 78
3277 8
3277 38
3277 50
3277 51
3277 55
3277 63
3277 67
3277 71
3277 85
3278 21
3278 47
3278 74
3279 6
3279 8
3279 11
3279 26
3279 36
3279 43
3279 44
3279 47
3279 59
3279 60
3279 63
3279 71
3279 95
3280 18
3280 39
3280 42
3280 43
3280 50
3280 55
3280 61
3280 63
3280 65
3280 74
3280 92
3281 35
3281 37
3281 39
3281 43
3281 44
3281 51
3281 53
3281 59
3281 65
3281 66
3281 81
3281 91
3281 93
3282 0
3282 7
3282 35
3282 39
3282 42
3282 50
3282 59
3282 63
3282 66
3282 81
3282 84
3283 16
3283 23
3283 26
3283 29
3283 47
3283 62
3283 67
3283 86
3284 13
3284 17
3284 43
3284 53
3284 55
3284 67
3284 83
3285 39
3285 43
3285 55
3285 85
3285 98
3286 11
3286 40
3286 60
3286 73
3287 18
3287 24
3287 26
3287 37
3287 42
3287 47
3287 55
3287 75
3288 4
3288 30
3288 60
3288 61
3288 63
3288 65
3288 67
3288 89
3288 92
3289 3
3289 13
3289 19
3289 55
3289 59
3289 63
3289 73
3289 85
3289 91
3289 92
3290 6
3290 36
3290 44
3290 47
3290 49
3290 64
3290 65
3290 89
3291 3
3291 7
3291 11
3291 13
3291 50
3291 56
3291 63
3291 64
3291 83
3291 85
3292 31
3292 34
3292 36
3292 37
3292 40
3292 55
3292 59
3292 71
3292 92
3292 95
3293 8
3293 11
3293 39
3293 42
3293 53
3293 77
3293 85
3293 92
3293 98
3294 16
3294 28
3294 38
3294 60
3294 63
3294 73
3294 74
3294 78
3295 29
3295 37
3295 39
3295 63
3295 65
3295 73
3295 74
3296 23
3296 33
3296 36
3296 50
3296 60
3296 71
3297 11
3297 13
3297 20
3297 26
3297 30
3297 36
3297 46
3297 47
3297 59
3297 63
3297 64
3297 71
3297 92
3297 96
3297 98
3298 2
3298 8
3298 9
3298 13
3299 11
3299 13
3299 22
3299 34
3299 59
3299 77
3299 98
3300 3
3300 19
3300 34
3300 43
3300 57
3300 59
3300 71
3300 83
3300 85
3300 93
3301 20
3301 37
3301 44
3301 55
3301 60
3301 74
3301 75
3301 85
3301 88
3301 93
3302 22
3302 41
3302 43
3302 44
3302 48
3302 59
3302 62
3302 71
3302 73
3303 21
3303 36
3303 47
3303 55
3303 60
3303 67
3303 78
3303 93
3304 13
3304 31
3304 55
3304 64
3304 67
3304 71
3304 78
3304 92
3304 96
3304 98
3305 7
3305 13
3305 23
3305 29
3305 51
3305 55
3305 60
3305 71
3305 91
3305 95
3306 3
3306 4
3306 36
3306 37
3306 39
3306 43
3306 45
3306 49
3306 55
3306 61
3306 75
3306 78
3307 7
3307 29
3307 55
3307 59
3307 60
3307 62
3307 73
3307 74
3307 78
3307 85
3308 6
3308 7
3308 89
3308 98
3309 35
3309 39
3309 42
3309 59
3309 66
3309 81
3310 17
3310 21
3310 23
3310 31
3310 40
3310 55
3311 16
3311 30
3311 43
3311 63
3311 66
3311 67
3311 71
3312 16
3312 39
3312 50
3312 55
3312 59
3312 74
3312 85
3313 40
3313 45
3313 47
3313 55
3313 59
3313 62
3313 71
3313 83
3313 85
3313 95
3313 99
3314 2
3314 7
3314 9
3314 26
3314 49
3314 55
3314 73
3314 83
3314 84
3315 40
3315 47
3315 55
3315 96
3316 6
3316 45
3316 71
3316 93
3317 8
3317 37
3317 63
3317 65
3317 73
3317 92
3317 95
3318 3
3318 59
3318 63
3318 64
3318 74
3318 75
3319 3
3319 6
3319 26
3319 42
3319 59
3319 67
3319 74
3319 89
3320 18
3320 37
3320 42
3320 55
3321 22
3321 34
3321 40
3321 59
3321 78
3321 89
3322 40
3322 43
3322 55
3322 61
3322 64
3322 77
3323 6
3323 7
3323 17
3323 23
3323 44
3323 55
3323 63
3323 74
3323 98
3324 2
3324 7
3324 11
3324 13
3324 22
3324 60
3324 71
3324 74
3324 78
3324 91
3324 93
3325 7
3325 17
3325 21
3325 23
3325 24
3325 36
3325 47
3325 55
3325 59
3325 62
3325 63
3325 67
3325 74
3325 78
3325 93
3325 95
3325 98
3326 22
3326 34
3326 40
3326 59
3326 63
3326 73
3326 85
3327 13
3327 36
3327 62
3327 66
3327 67
3327 78
3327 85
3327 90
3327 92
3328 3
3328 43
3328 54
3328 55
3328 75
3328 90
3328 92
3329 3
3329 23
3329 36
3329 39
3329 40
3329 59
3329 60
3329 71
3330 2
3330 28
3330 33
3330 60
3330 93
3331 7
3331 24
3331 56
3332 47
3332 54
3332 55
3332 71
3332 75
3333 7
3333 29
3333 33
3333 37
3333 46
3333 64
3333 89
3334 13
3334 23
3334 25
3334 39
3334 90
3334 92
3335 6
3335 59
3335 61
3335 63
3335 78
3336 4
3336 13
3336 40
3336 55
3336 83
3337 6
3337 53
3337 71
3337 98
3338 3
3338 34
3338 35
3338 36
3338 48
3338 59
3338 63
3338 64
3338 74
3338 75
3339 11
3339 13
3339 22
3339 36
3339 37
3339 55
3339 59
3339 60
3340 3
3340 6
3340 11
3340 25
3340 43
3340 93
3341 27
3341 40
3341 47
3341 55
3341 63
3341 64
3341 71
3341 77
3341 92
3341 93
3341 98
3342 7
3342 31
3342 34
3342 55
3342 63
3342 95
3342 98
3343 16
3343 17
3343 23
3343 29
3343 30
3343 43
3343 47
3343 59
3343 95
3344 11
3344 13
3344 17
3344 37
3344 43
3344 55
3344 89
3344 90
3345 21
3345 55
3345 61
3345 63
3345 71
3345 77
3346 7
3346 22
3346 23
3346 31
3346 36
3346 48
3346 59
3346 61
3346 67
3346 70
3346 71
3346 85
3346 89
3346 92
3347 7
3347 23
3347 24
3348 9
3348 13
3348 34
3348 38
3348 47
3348 59
3348 75
3348 79
3349 4
3349 13
3349 21
3349 40
3349 55
3349 60
3349 75
3349 98
3350 2
3350 8
3350 21
3350 33
3350 63
3350 67
3350 71
3350 78
3350 93
3351 23
3351 37
3351 42
3351 55
3351 74
3351 84
3351 98
3352 49
3352 66
3352 67
3352 93
3353 11
3353 31
3353 34
3353 36
3353 40
3353 43
3353 60
3353 64
3353 92
3354 8
3354 17
3354 43
3354 67
3354 71
3354 78
3355 3
3355 7
3355 13
3355 43
3355 55
3355 67
3355 89
3356 3
3356 6
3356 7
3356 13
3356 21
3356 59
3356 71
3356 77
3356 91
3356 93
3357 13
3357 31
3357 55
3357 78
3357 92
3357 93
3358 23
3358 43
3358 88
3359 8
3359 11
3359 40
3359 49
3359 54
3359 55
3359 75
3359 77
3360 6
3360 13
3360 41
3360 44
3360 55
3360 59
3360 63
3360 92
3361 13
3361 16
3361 35
3361 40
3361 42
3361 44
3361 55
3361 73
3361 89
3362 2
3362 3
3362 4
3362 11
3362 13
3362 26
3362 43
3362 50
3362 55
3362 59
3362 63
3362 77
3362 83
3362 84
3362 93
3362 98
3363 21
3363 31
3363 33
3363 37
3363 50
3363 55
3363 59
3363 63
3363 92
3363 97
3364 37
3364 55
3364 59
3364 71
3364 95
3365 18
3365 37
3365 42
3365 43
3365 55
3365 63
3365 66
3365 71
3365 90
3365 92
3366 26
3366 27
3366 36
3366 41
3366 44
3366 47
3366 49
3366 55
3366 60
3366 63
3366 66
3366 67
3366 71
3366 77
3366 83
3366 84
3367 2
3367 3
3367 8
3367 39
3367 40
3367 59
3368 11
3368 13
3368 23
3368 55
3368 59
3368 67
3369 6
3369 7
3369 36
3369 44
3369 49
3369 59
3370 13
3370 31
3370 55
3370 64
3370 71
3370 78
3370 92
3370 96
3371 7
3371 13
3371 56
3371 60
3371 73
3371 75
3371 92
3371 93
3371 96
3371 98
3372 3
3372 13
3372 26
3372 43
3372 61
3372 63
3372 65
3372 75
3372 82
3372 92
3373 6
3373 7
3373 37
3373 39
3373 44
3373 59
3373 85
3373 92
3373 98
3374 13
3374 19
3374 30
3374 55
3374 73
3374 92
3374 98
3375 6
3375 24
3375 44
3375 55
3375 63
3375 65
3375 78
3376 11
3376 13
3376 31
3376 34
3376 36
3376 40
3376 48
3376 49
3376 53
3376 66
3376 67
3376 89
3376 92
3377 37
3377 43
3377 60
3377 64
3377 84
3377 89
3377 97
3378 20
3378 29
3378 40
3378 43
3378 63
3378 74
3379 3
3379 13
3379 23
3379 37
3379 39
3379 40
3379 44
3379 55
3379 63
3379 67
3379 78
3380 60
3380 73
3380 74
3380 78
3381 13
3381 19
3381 23
3381 36
3381 60
3381 71
3381 73
3382 7
3382 17
3382 43
3382 71
3382 86
3382 90
3382 92
3383 13
3383 19
3383 53
3383 65
3383 73
3384 16
3384 23
3384 36
3384 53
3384 55
3384 59
3384 65
3384 67
3384 98
3385 38
3385 63
3385 67
3385 90
3385 92
3386 8
3386 23
3386 31
3386 61
3386 63
3386 85
3386 92
3386 95
3386 99
3387 7
3387 23
3387 24
3387 70
3387 74
3387 98
3388 6
3388 8
3388 18
3388 30
3388 42
3388 43
3388 59
3388 71
3388 89
3388 92
3389 13
3389 36
3389 43
3389 51
3389 57
3389 59
3390 1
3390 11
3390 13
3390 34
3390 71
3390 74
3390 91
3391 7
3391 11
3391 13
3391 15
3391 25
3391 34
3391 36
3391 37
3391 59
3391 63
3391 67
3391 74
3391 89
3391 96
3392 8
3392 34
3392 43
3392 60
3392 73
3392 74
3392 90
3392 98
3393 2
3393 4
3393 11
3393 18
3393 50
3393 52
3393 55
3393 60
3393 63
3394 24
3394 49
3394 55
3394 66
3394 67
3394 70
3394 88
3395 7
3395 11
3395 24
3395 36
3395 40
3395 56
3395 63
3395 67
3396 2
3396 4
3396 25
3396 33
3396 40
3396 43
3396 63
3396 64
3396 71
3396 86
3396 90
3396 91
3396 92
3397 24
3397 26
3397 27
3397 38
3397 41
3397 47
3397 60
3397 63
3397 67
3397 75
3397 92
3398 13
3398 26
3398 34
3398 39
3398 59
3398 71
3398 73
3398 86
3398 98
3399 34
3399 36
3399 47
3399 59
3399 63
3399 64
3399 65
3399 78
3399 89
3399 92
3400 13
3400 33
3400 44
3400 45
3400 59
3400 67
3400 71
3400 74
3400 75
3400 91
3400 92
3401 16
3401 30
3401 36
3401 59
3401 63
3401 67
3402 13
3402 22
3402 28
3402 49
3402 55
3402 60
3402 67
3402 86
3402 96
3403 7
3403 19
3403 23
3403 36
3403 98
3404 24
3404 26
3404 38
3404 47
3404 63
3404 67
3404 71
3404 75
3404 83
3405 8
3405 34
3405 36
3405 95
3406 11
3406 31
3406 39
3406 43
3406 57
3406 59
3406 60
3406 64
3406 85
3406 93
3406 98
3407 31
3407 35
3407 59
3407 63
3407 74
3407 85
3408 11
3408 13
3408 50
3408 64
3408 85
3409 24
3409 37
3409 39
3409 42
3409 59
3409 67
3409 71
3409 77
3409 85
3409 89
3410 20
3410 29
3410 36
3410 40
3410 43
3410 74
3410 92
3411 13
3411 59
3411 70
3411 89
3411 98
3412 7
3412 27
3412 29
3412 37
3412 47
3412 57
3412 63
3412 66
3412 71
3412 83
3412 89
3413 7
3413 17
3413 37
3413 43
3413 97
3414 11
3414 17
3414 22
3414 23
3414 31
3414 37
3414 43
3414 59
3414 67
3414 70
3414 71
3414 85
3414 89
3414 90
3414 92
3415 4
3415 6
3415 13
3415 17
3415 23
3415 30
3415 42
3415 43
3415 49
3415 50
3415 59
3415 63
3415 67
3416 31
3416 39
3416 43
3416 49
3416 51
3416 59
3417 13
3417 43
3417 44
3417 45
3417 47
3417 59
3417 67
3417 79
3417 92
3417 93
3418 23
3418 36
3418 59
3418 71
3418 74
3418 98
3419 7
3419 27
3419 30
3419 36
3419 40
3419 47
3419 55
3419 59
3419 63
3419 66
3419 67
3419 85
3420 3
3420 7
3420 13
3420 50
3420 63
3421 30
3421 37
3421 40
3421 55
3421 59
3421 63
3421 65
3421 67
3421 73
3421 85
3421 89
3422 22
3422 23
3422 31
3422 43
3422 59
3422 67
3422 70
3422 71
3422 85
3422 92
3423 7
3423 43
3423 44
3423 53
3423 55
3423 67
3423 74
3423 89
3423 91
3424 6
3424 37
3424 39
3424 59
3424 73
3424 83
3424 92
3424 98
3425 16
3425 28
3425 40
3425 47
3425 61
3425 63
3425 64
3425 65
3425 71
3425 77
3425 78
3425 89
3425 92
3426 40
3426 55
3426 63
3426 85
3427 13
3427 17
3427 19
3427 39
3427 53
3427 55
3427 67
3427 73
3427 92
3427 93
3428 7
3428 20
3428 29
3428 40
3428 43
3428 46
3428 64
3428 74
3429 23
3429 27
3429 37
3429 42
3429 47
3429 49
3429 55
3429 64
3429 73
3429 84
3430 4
3430 7
3430 9
3430 13
3430 17
3430 22
3430 23
3430 36
3430 40
3430 44
3430 60
3430 63
3430 71
3430 73
3430 74
3430 86
3431 13
3431 21
3431 26
3431 55
3431 71
3431 73
3431 83
3431 84
3431 92
3432 36
3432 37
3432 55
3432 59
3432 61
3432 63
3432 89
3433 7
3433 23
3433 24
3433 47
3433 92
3434 23
3434 43
3434 54
3434 57
3434 59
3434 77
3434 93
3435 6
3435 7
3435 25
3435 43
3435 47
3435 61
3435 92
3435 93
3436 8
3436 13
3436 23
3436 26
3436 31
3436 34
3436 36
3436 40
3436 90
3436 92
3437 31
3437 35
3437 37
3437 40
3437 44
3437 73
3438 7
3438 9
3438 13
3438 33
3438 37
3438 46
3438 64
3438 84
3438 89
3439 29
3439 39
3439 50
3439 74
3440 42
3440 64
3440 77
3440 85
3441 3
3441 19
3441 36
3441 43
3441 49
3441 75
3441 78
3442 7
3442 11
3442 23
3442 31
3442 37
3442 42
3442 55
3442 71
3442 88
3443 16
3443 23
3443 52
3443 55
3443 59
3443 67
3443 98
3444 37
3444 71
3444 98
3445 22
3445 23
3445 31
3445 59
3445 67
3445 70
3445 71
3445 85
3445 92
3446 92
3447 3
3447 7
3447 8
3447 13
3447 24
3447 50
3447 74
3447 92
3447 95
3448 11
3448 43
3448 64
3448 73
3448 74
3448 98
3449 13
3449 20
3449 36
3449 60
3449 77
3449 78
3449 83
3449 89
3449 92
3449 93
3450 13
3450 30
3450 41
3450 55
3450 61
3450 63
3450 65
3450 92
3450 95
3450 98
3451 8
3451 16
3451 18
3451 21
3451 43
3451 52
3451 59
3451 71
3451 74
3451 88
3451 97
3451 98
3452 4
3452 9
3452 20
3452 26
3452 36
3452 39
3452 43
3452 45
3452 46
3452 96
3453 8
3453 11
3453 13
3453 18
3453 22
3453 31
3453 36
3453 37
3453 54
3453 57
3453 59
3453 93
3453 97
3454 2
3454 3
3454 11
3454 13
3454 36
3454 43
3454 51
3454 60
3454 67
3454 89
3455 59
3455 67
3455 74
3456 4
3456 13
3456 55
3456 63
3456 83
3456 95
3456 99
3457 11
3457 13
3457 36
3457 59
3457 60
3458 11
3458 23
3458 36
3458 37
3458 43
3458 49
3458 51
3458 59
3458 60
3458 66
3458 67
3458 89
3459 61
3459 63
3459 71
3459 77
3460 20
3460 29
3460 36
3460 40
3460 43
3460 55
3460 59
3460 74
3460 95
3461 11
3461 24
3461 33
3461 55
3461 59
3461 65
3461 74
3461 93
3461 96
3462 3
3462 23
3462 59
3462 63
3462 64
3462 74
3462 75
3462 98
3463 2
3463 4
3463 8
3463 18
3463 23
3463 53
3463 71
3463 77
3463 98
3463 99
3464 4
3464 61
3464 65
3464 73
3464 98
3465 17
3465 42
3465 60
3465 67
3465 77
3465 85
3466 4
3466 13
3466 17
3466 35
3466 40
3466 55
3466 62
3466 63
3466 73
3466 78
3466 92
3467 2
3467 3
3467 33
3467 37
3467 39
3467 53
3467 55
3467 59
3467 61
3467 64
3467 67
3467 69
3467 71
3467 74
3467 81
3467 90
3467 98
3468 3
3468 4
3468 23
3468 35
3468 38
3468 48
3468 50
3468 61
3468 63
3468 67
3468 71
3468 73
3468 95
3468 99
3469 1
3469 4
3469 11
3469 13
3469 23
3469 28
3469 40
3469 55
3469 74
3469 83
3469 93
3469 98
3470 6
3470 26
3470 34
3470 67
3470 74
3470 83
3470 88
3471 55
3471 59
3471 66
3471 67
3471 71
3471 73
3471 74
3471 98
3472 6
3472 23
3472 64
3472 71
3472 74
3472 98
3473 4
3473 13
3473 20
3473 30
3473 37
3473 40
3473 43
3473 47
3473 55
3473 59
3473 92
3474 7
3474 43
3474 44
3474 53
3474 59
3474 91
3475 17
3475 43
3475 61
3475 73
3476 7
3476 23
3476 24
3476 47
3476 55
3476 56
3476 59
3476 63
3476 78
3476 85
3477 9
3477 13
3477 25
3477 40
3477 43
3477 73
3477 86
3477 92
3478 35
3478 39
3478 42
3478 59
3478 66
3478 81
3478 92
3478 93
3479 4
3479 36
3479 39
3479 43
3479 45
3480 9
3480 13
3480 34
3480 52
3480 63
3480 75
3481 3
3481 19
3481 36
3481 43
3481 49
3481 75
3481 78
3482 7
3482 17
3482 23
3482 25
3482 63
3482 78
3482 92
3483 17
3483 22
3483 43
3483 59
3483 60
3483 67
3483 74
3484 13
3484 24
3484 26
3484 47
3484 75
3484 92
3485 7
3485 20
3485 23
3485 37
3485 43
3485 56
3485 88
3485 89
3485 90
3485 92
3485 93
3486 30
3486 34
3486 43
3486 50
3486 59
3486 63
3486 67
3486 78
3487 23
3487 28
3487 29
3487 31
3487 34
3487 36
3487 39
3487 40
3487 59
3487 61
3487 63
3487 74
3487 92
3487 98
3488 9
3488 11
3488 13
3488 36
3488 37
3488 40
3488 59
3488 60
3488 73
3489 59
3489 71
3490 3
3490 6
3490 11
3490 23
3490 39
3491 13
3491 36
3491 63
3491 90
3491 92
3492 48
3492 55
3492 61
3492 63
3492 73
3492 74
3492 78
3492 85
3492 91
3493 6
3493 36
3493 43
3493 44
3493 49
3493 64
3493 73
3493 90
3493 92
3494 55
3494 71
3494 74
3495 35
3495 39
3495 42
3495 59
3495 66
3495 81
3496 4
3496 42
3496 49
3496 50
3496 55
3496 63
3497 22
3497 23
3497 31
3497 59
3497 67
3497 70
3497 71
3497 85
3497 92
3498 6
3498 34
3498 36
3498 43
3498 44
3498 55
3498 63
3498 64
3499 18
3499 36
3499 37
3499 42
3499 55
3499 60
3499 64
3500 6
3500 44
3500 55
3500 63
3501 11
3501 27
3501 34
3501 59
3501 65
3501 73
3501 85
3501 89
3501 98
3502 13
3502 22
3502 36
3502 48
3502 60
3502 63
3502 89
3502 92
3503 2
3503 11
3503 19
3503 55
3503 60
3504 3
3504 16
3504 36
3504 43
3504 53
3504 63
3504 65
3504 90
3505 13
3505 19
3505 36
3505 55
3505 63
3505 71
3505 73
3506 11
3506 27
3506 34
3506 59
3506 89
3507 7
3507 17
3507 36
3507 48
3507 63
3507 89
3507 92
3508 8
3508 13
3508 30
3508 36
3508 44
3508 55
3508 59
3508 61
3508 63
3508 78
3508 89
3508 96
3509 36
3509 59
3510 37
3510 40
3510 55
3510 59
3510 60
3510 85
3510 95
3510 97
3511 3
3511 7
3511 13
3511 40
3511 43
3511 55
3511 63
3511 71
3511 77
3511 96
3512 37
3512 49
3512 60
3512 73
3513 8
3513 13
3513 61
3513 63
3513 71
3513 78
3513 92
3514 7
3514 16
3514 17
3514 24
3514 30
3514 44
3514 59
3514 60
3514 63
3514 65
3514 67
3514 78
3514 89
3515 11
3515 13
3515 16
3515 28
3515 29
3515 36
3515 37
3515 42
3515 43
3515 44
3515 47
3515 59
3515 60
3515 64
3515 94
3516 13
3516 50
3516 55
3516 60
3517 13
3517 27
3517 59
3517 63
3517 71
3517 90
3518 48
3518 71
3518 77
3518 85
3519 2
3519 4
3519 11
3519 18
3519 36
3519 47
3519 50
3519 52
3519 55
3519 60
3519 63
3519 71
3519 77
3520 17
3520 31
3520 37
3520 40
3520 63
3520 78
3520 92
3521 7
3521 11
3521 17
3521 23
3521 31
3521 53
3521 65
3522 3
3522 11
3522 13
3522 19
3522 42
3523 4
3523 13
3523 40
3523 55
3523 83
3524 16
3524 23
3524 29
3524 47
3524 65
3524 93
3524 95
3524 96
3525 2
3525 4
3525 11
3525 18
3525 50
3525 52
3525 55
3525 60
3525 63
3526 7
3526 24
3526 46
3526 59
3526 78
3526 85
3527 6
3527 16
3527 23
3527 43
3527 59
3527 63
3527 88
3528 6
3528 40
3528 43
3528 50
3528 55
3528 74
3528 92
3529 6
3529 20
3529 26
3529 36
3529 37
3529 45
3529 59
3529 63
3529 75
3530 4
3530 20
3530 29
3530 34
3530 39
3530 43
3530 45
3530 50
3530 74
3530 83
3531 13
3531 21
3531 47
3531 59
3531 74
3531 92
3531 97
3532 9
3532 11
3532 13
3532 19
3532 26
3532 34
3532 36
3532 42
3532 54
3532 55
3532 61
3532 63
3532 75
3532 92
3533 8
3533 9
3533 13
3533 18
3533 31
3533 40
3533 73
3533 78
3533 93
3534 2
3534 3
3534 20
3534 40
3534 44
3534 49
3534 63
3534 73
3534 85
3534 98
3535 7
3535 8
3535 13
3535 35
3535 43
3535 48
3535 55
3535 71
3536 7
3536 23
3536 35
3536 41
3536 52
3536 55
3536 59
3536 86
3537 21
3537 23
3537 47
3537 55
3537 59
3537 74
3537 89
3537 97
3538 19
3538 55
3539 37
3539 42
3539 55
3539 85
3539 89
3540 11
3540 27
3540 36
3540 37
3540 60
3540 61
3540 73
3540 96
3541 39
3541 40
3541 47
3541 59
3541 93
3541 98
3542 7
3542 63
3542 71
3542 77
3543 6
3543 38
3543 62
3543 64
3543 71
3544 6
3544 7
3544 40
3544 43
3544 55
3544 63
3544 71
3544 92
3545 3
3545 7
3545 8
3545 13
3545 23
3545 43
3545 49
3545 56
3545 63
3545 64
3545 67
3546 7
3546 39
3546 49
3546 59
3546 71
3546 78
3546 83
3546 98
3547 36
3547 53
3547 64
3547 67
3547 92
3548 34
3548 59
3548 84
3548 89
3549 7
3549 13
3549 17
3549 26
3549 43
3549 45
3549 47
3549 49
3549 55
3549 59
3549 79
3549 91
3550 23
3550 74
3550 98
3551 11
3551 63
3551 64
3552 13
3552 22
3552 31
3552 53
3552 55
3552 64
3552 71
3552 78
3552 92
3552 96
3553 3
3553 4
3553 6
3553 23
3553 31
3553 37
3553 40
3553 95
3553 98
3553 99
3554 28
3554 48
3554 64
3554 73
3554 78
3555 17
3555 21
3555 22
3555 34
3555 63
3555 71
3555 73
3555 78
3555 83
3555 92
3556 3
3556 13
3556 42
3556 43
3556 77
3556 85
3556 89
3557 22
3557 28
3557 53
3557 55
3557 64
3557 94
3558 13
3558 36
3558 40
3558 89
3558 98
3559 2
3559 21
3559 36
3559 47
3559 55
3559 67
3559 73
3559 93
3559 96
3560 3
3560 13
3560 37
3560 43
3560 44
3560 47
3560 60
3560 63
3560 71
3560 91
3561 6
3561 7
3561 8
3561 18
3561 23
3561 36
3561 59
3561 63
3561 71
3561 92
3561 98
3562 30
3562 44
3562 55
3562 67
3562 78
3562 89
3563 7
3563 24
3563 26
3563 34
3563 46
3563 59
3563 71
3563 77
3563 78
3563 85
3563 94
3564 24
3564 67
3565 2
3565 3
3565 36
3565 63
3565 89
3565 92
3566 4
3566 24
3566 31
3566 36
3566 39
3566 43
3566 45
3566 59
3567 9
3567 13
3567 31
3567 40
3567 47
3567 59
3567 61
3567 63
3567 84
3567 89
3567 92
3568 11
3568 18
3568 31
3568 42
3568 43
3568 55
3569 3
3569 6
3569 23
3569 30
3569 36
3569 40
3569 55
3569 59
3569 60
3569 63
3569 67
3569 71
3569 74
3569 89
3570 6
3570 36
3570 43
3570 44
3570 47
3570 49
3570 59
3570 71
3570 92
3571 48
3571 55
3571 85
3571 89
3572 11
3572 26
3572 55
3572 83
3572 84
3573 24
3573 26
3573 47
3573 55
3573 75
3573 83
3573 84
3574 7
3574 8
3574 11
3574 71
3575 7
3575 11
3575 32
3575 42
3575 61
3575 63
3575 64
3575 74
3576 6
3576 40
3576 59
3576 71
3576 90
3576 92
3577 37
3577 63
3577 88
3577 95
3577 99
3578 7
3578 11
3578 17
3578 37
3578 42
3578 43
3578 77
3578 85
3578 89
3578 90
3579 26
3579 55
3579 62
3579 66
3579 83
3579 84
3579 85
3580 29
3580 31
3580 37
3580 40
3580 47
3580 85
3580 89
3581 7
3581 13
3581 17
3581 23
3581 40
3581 52
3581 55
3581 67
3581 92
3581 98
3582 13
3582 16
3582 43
3582 55
3583 6
3583 8
3583 24
3583 31
3583 36
3583 45
3583 49
3583 52
3583 56
3583 59
3583 65
3584 18
3584 37
3584 42
3584 55
3585 3
3585 4
3585 11
3585 13
3585 23
3585 43
3585 71
3585 86
3585 92
3585 96
3586 6
3586 55
3586 71
3586 74
3587 37
3587 55
3587 60
3587 61
3587 73
3587 74
3588 18
3588 23
3588 37
3588 42
3588 55
3588 63
3588 64
3589 6
3589 11
3589 23
3589 30
3589 39
3589 55
3589 67
3589 89
3590 2
3590 3
3590 65
3590 81
3590 93
3590 96
3591 20
3591 29
3591 39
3591 40
3591 41
3591 43
3591 55
3591 59
3591 73
3591 74
3591 92
3591 98
3592 11
3592 61
3592 63
3592 71
3592 77
3592 98
3593 36
3593 37
3593 43
3593 89
3594 20
3594 36
3594 43
3594 59
3594 63
3594 67
3594 74
3594 92
3595 6
3595 13
3595 39
3595 42
3595 44
3595 74
3595 89
3596 7
3596 36
3596 37
3596 49
3596 60
3596 73
3597 3
3597 36
3597 49
3597 55
3597 65
3597 67
3597 93
3598 23
3598 26
3598 34
3598 55
3598 59
3598 83
3598 84
3599 2
3599 11
3599 17
3599 24
3599 28
3599 33
3599 37
3599 43
3599 67
3599 89
3599 90
3599 93
3600 11
3600 17
3600 23
3600 43
3600 51
3600 63
3600 66
3600 77
3600 89
3600 95
3601 8
3601 13
3601 31
3601 36
3601 43
3601 51
3601 57
3601 71
3601 98
3602 41
3602 59
3602 73
3602 89
3602 93
3603 23
3603 71
3603 88
3603 93
3603 95
3604 18
3604 37
3604 42
3604 55
3604 61
3604 78
3604 83
3604 92
3605 3
3605 43
3605 63
3605 67
3605 77
3605 78
3605 89
3605 90
3605 95
3606 23
3606 54
3606 59
3606 63
3606 75
3607 36
3607 55
3607 59
3607 61
3607 63
3607 89
3608 11
3608 21
3608 24
3608 61
3608 63
3608 65
3608 71
3608 73
3608 74
3608 92
3609 8
3609 63
3609 66
3609 77
3609 89
3609 95
3609 96
3610 36
3610 63
3611 6
3611 26
3611 41
3611 55
3611 59
3611 67
3611 74
3611 88
3611 92
3612 3
3612 8
3612 18
3612 30
3612 31
3612 36
3612 55
3612 67
3612 84
3612 85
3612 89
3613 47
3613 64
3613 65
3613 78
3614 17
3614 63
3614 78
3614 92
3615 8
3615 20
3615 33
3615 37
3615 50
3615 55
3615 93
3616 8
3616 18
3616 23
3616 41
3616 47
3616 55
3616 59
3616 74
3616 98
3617 23
3617 26
3617 36
3617 38
3617 48
3617 63
3617 89
3617 92
3618 4
3618 17
3618 23
3618 26
3618 30
3618 43
3618 59
3619 23
3619 43
3619 47
3619 54
3619 57
3619 59
3619 64
3619 65
3619 74
3619 78
3619 89
3619 93
3619 98
3620 6
3620 17
3620 40
3620 44
3620 49
3620 55
3620 63
3620 74
3620 77
3620 95
3620 99
3621 3
3621 6
3621 9
3621 23
3621 31
3621 36
3621 48
3621 67
3621 73
3621 78
3621 92
3622 11
3622 13
3622 25
3622 43
3622 60
3622 64
3622 71
3622 83
3622 86
3622 92
3623 7
3623 17
3623 23
3623 35
3623 36
3623 40
3623 52
3623 60
3623 78
3623 86
3623 95
3624 36
3624 37
3624 59
3624 60
3625 11
3625 17
3625 25
3625 30
3625 43
3625 64
3625 86
3625 92
3626 3
3626 7
3626 13
3626 50
3626 51
3626 57
3626 59
3626 71
3626 93
3627 7
3627 13
3627 59
3627 62
3627 67
3627 96
3628 11
3628 34
3628 53
3628 59
3628 67
3628 74
3628 83
3629 7
3629 49
3629 78
3629 83
3629 92
3629 93
3630 20
3630 25
3630 33
3630 42
3630 46
3630 67
3630 77
3630 85
3631 6
3631 8
3631 13
3631 18
3631 24
3631 27
3631 40
3631 55
3631 62
3631 67
3631 92
3631 98
3632 3
3632 7
3632 13
3632 39
3632 40
3632 50
3632 55
3632 67
3632 71
3632 74
3632 77
3632 85
3633 6
3633 49
3633 55
3633 71
3633 74
3633 92
3633 93
3634 6
3634 40
3634 44
3634 47
3634 55
3634 61
3634 63
3634 64
3635 4
3635 6
3635 7
3635 13
3635 33
3635 36
3635 37
3635 42
3635 46
3635 50
3635 63
3635 64
3636 23
3636 31
3636 34
3636 36
3636 40
3636 50
3636 55
3636 59
3636 61
3636 63
3636 67
3636 69
3636 92
3637 4
3637 31
3637 59
3637 60
3637 63
3637 71
3637 92
3638 3
3638 39
3638 40
3638 59
3639 3
3639 20
3639 29
3639 40
3639 43
3639 59
3639 63
3639 64
3639 74
3639 75
3640 33
3640 36
3640 40
3640 73
3640 77
3641 29
3641 59
3641 63
3641 64
3641 71
3641 92
3641 93
3642 6
3642 55
3642 64
3642 71
3643 4
3643 41
3643 50
3643 55
3643 59
3643 64
3643 92
3644 13
3644 29
3644 39
3644 59
3644 61
3644 71
3644 73
3644 74
3644 75
3644 91
3644 98
3645 6
3645 28
3645 31
3645 35
3645 44
3645 55
3645 63
3645 64
3645 81
3645 94
3646 17
3646 25
3646 43
3646 67
3646 86
3646 92
3647 16
3647 65
3647 97
3648 7
3648 71
3648 88
3648 93
3649 3
3649 11
3649 13
3649 36
3649 37
3649 43
3649 51
3649 59
3649 60
3649 67
3650 7
3650 13
3650 24
3650 43
3650 49
3650 55
3650 56
3650 63
3651 13
3651 27
3651 41
3651 59
3651 60
3652 4
3652 22
3652 59
3652 62
3653 34
3653 35
3653 39
3653 42
3653 59
3653 63
3653 66
3653 67
3653 81
3653 89
3653 93
3654 27
3654 29
3654 41
3654 60
3654 93
3655 6
3655 13
3655 22
3655 34
3655 43
3655 56
3655 59
3655 63
3655 85
3656 3
3656 24
3656 26
3656 36
3656 39
3656 55
3656 57
3656 59
3656 63
3656 67
3656 70
3656 71
3656 83
3656 88
3656 98
3657 13
3657 19
3657 40
3657 60
3657 67
3657 73
3657 79
3658 2
3658 7
3658 13
3658 26
3658 36
3658 55
3658 77
3658 85
3658 91
3658 92
3658 95
3659 3
3659 19
3659 33
3659 36
3659 37
3659 42
3659 43
3659 49
3659 55
3659 75
3659 78
3659 85
3660 8
3660 11
3660 13
3660 43
3660 55
3660 67
3660 78
3660 92
3660 96
3661 13
3661 26
3661 34
3661 39
3661 41
3661 43
3661 48
3661 53
3661 59
3661 73
3661 98
3662 42
3662 77
3662 85
3663 11
3663 26
3663 36
3663 37
3663 55
3663 59
3663 60
3663 78
3663 83
3663 84
3664 52
3664 60
3665 30
3665 36
3665 43
3665 48
3665 59
3665 89
3665 92
3666 20
3666 29
3666 40
3666 43
3666 63
3666 74
3667 3
3667 19
3667 36
3667 43
3667 49
3667 75
3667 78
3668 3
3668 4
3668 43
3668 60
3668 63
3668 67
3668 90
3669 17
3669 24
3669 49
3669 66
3669 67
3670 6
3670 18
3670 31
3670 34
3670 36
3670 40
3670 42
3670 55
3670 64
3670 71
3670 92
3671 6
3671 13
3671 44
3671 67
3671 78
3672 6
3672 22
3672 27
3672 41
3672 44
3672 55
3672 60
3672 63
3672 93
3673 8
3673 30
3673 49
3673 55
3673 65
3673 67
3673 71
3674 6
3674 43
3674 44
3674 55
3674 59
3674 63
3674 71
3674 84
3674 86
3674 89
3674 90
3674 92
3674 93
3675 13
3675 33
3675 59
3675 60
3675 63
3675 67
3675 73
3675 74
3676 4
3676 17
3676 40
3676 43
3676 57
3676 59
3676 67
3676 89
3676 93
3677 23
3677 37
3677 42
3677 55
3677 74
3678 13
3678 55
3678 59
3678 61
3678 63
3678 65
3678 67
3678 71
3678 74
3678 77
3678 83
3678 85
3678 92
3679 13
3679 16
3679 23
3679 29
3679 47
3679 50
3679 59
3679 63
3679 74
3680 6
3680 7
3680 13
3680 23
3680 42
3680 56
3680 65
3680 89
3680 93
3680 95
3680 96
3680 98
3681 21
3681 36
3681 47
3681 55
3681 67
3681 93
3682 7
3682 31
3682 35
3682 70
3682 71
3682 85
3682 98
3683 61
3683 63
3683 78
3683 92
3684 9
3684 13
3684 40
3684 60
3684 73
3684 75
3684 98
3685 29
3685 73
3685 89
3685 96
3686 7
3686 18
3686 37
3686 42
3686 55
3686 59
3686 71
3686 78
3686 79
3686 91
3686 93
3687 29
3687 59
3687 62
3687 63
3687 67
3687 73
3687 74
3687 78
3687 85
3687 86
3687 92
3687 93
3688 3
3688 7
3688 19
3688 36
3688 43
3688 75
3688 78
3689 13
3689 49
3689 59
3689 66
3689 67
3689 70
3689 98
3690 2
3690 4
3690 8
3690 11
3690 18
3690 36
3690 47
3690 50
3690 52
3690 55
3690 60
3690 62
3690 63
3690 71
3690 92
3690 95
3691 61
3691 63
3691 65
3691 92
3692 36
3692 59
3692 71
3692 95
3692 98
3693 17
3693 30
3693 43
3693 86
3694 7
3694 23
3694 35
3694 52
3694 54
3694 57
3694 85
3694 93
3694 98
3695 7
3695 22
3695 59
3695 62
3695 77
3695 92
3695 93
3696 65
3696 73
3696 98
3697 3
3697 13
3697 19
3697 31
3697 34
3697 36
3697 43
3697 49
3697 55
3697 64
3697 71
3697 75
3697 78
3697 90
3697 92
3697 96
3697 98
3698 13
3698 20
3698 23
3698 46
3698 55
3698 92
3698 93
3699 9
3699 13
3699 42
3699 55
3699 74
3699 91
3699 97
3700 55
3700 60
3700 73
3700 79
3700 97
3701 6
3701 33
3701 34
3701 57
3701 59
3701 64
3701 71
3701 93
3702 22
3702 50
3702 59
3702 60
3702 62
3702 67
3702 74
3703 4
3703 6
3703 13
3703 19
3703 36
3703 43
3703 44
3703 49
3703 55
3703 63
3703 75
3703 78
3703 99
3704 6
3704 31
3704 34
3704 36
3704 37
3704 39
3704 43
3704 59
3704 63
3704 67
3704 83
3704 89
3704 92
3704 93
3705 39
3705 50
3705 51
3705 67
3705 74
3705 85
3706 4
3706 7
3706 23
3706 35
3706 50
3706 52
3706 86
3707 19
3707 39
3707 55
3707 93
3707 95
3708 3
3708 26
3708 43
3708 55
3708 63
3708 83
3708 84
3708 90
3709 8
3709 11
3709 18
3709 23
3709 27
3709 31
3709 34
3709 37
3709 42
3709 55
3709 59
3709 89
3709 98
3710 11
3710 13
3710 18
3710 26
3710 34
3710 36
3710 37
3710 42
3710 43
3710 50
3710 55
3710 63
3710 83
3710 84
3711 17
3711 23
3711 54
3711 59
3711 93
3712 22
3712 42
3712 61
3712 63
3712 65
3712 77
3712 85
3712 92
3712 96
3713 4
3713 23
3713 33
3713 35
3713 52
3713 60
3713 63
3713 67
3713 74
3713 86
3713 98
3714 39
3714 59
3714 71
3714 98
3715 11
3715 25
3715 36
3715 37
3715 47
3715 59
3715 60
3715 61
3715 63
3715 65
3715 74
3715 92
3716 31
3716 39
3716 40
3716 43
3716 48
3716 85
3716 98
3717 7
3717 11
3717 43
3717 49
3717 51
3717 63
3718 13
3718 31
3718 55
3718 64
3718 71
3718 78
3718 92
3718 96
3719 4
3719 7
3719 13
3719 37
3719 49
3719 55
3719 56
3719 63
3719 65
3719 73
3719 83
3720 7
3720 25
3720 37
3720 43
3720 49
3720 59
3720 60
3720 71
3720 73
3720 86
3720 92
3721 4
3721 13
3721 29
3721 40
3721 55
3721 73
3721 83
3721 89
3721 96
3722 39
3722 59
3722 71
3722 98
3723 3
3723 4
3723 6
3723 34
3723 50
3723 63
3723 82
3723 92
3724 0
3724 13
3724 23
3724 26
3724 55
3724 59
3724 74
3724 78
3724 86
3724 92
3724 96
3724 98
3725 51
3725 53
3725 60
3725 63
3725 75
3725 98
3726 3
3726 35
3726 39
3726 42
3726 59
3726 66
3726 81
3726 95
3727 7
3727 22
3727 32
3727 42
3727 53
3727 55
3727 59
3727 61
3727 70
3727 74
3727 98
3728 13
3728 31
3728 55
3728 64
3728 65
3728 71
3728 78
3728 92
3728 96
3729 49
3729 66
3729 67
3730 23
3730 26
3730 33
3730 36
3730 47
3730 55
3730 63
3730 73
3730 89
3731 4
3731 6
3731 16
3731 26
3731 43
3731 55
3731 60
3731 83
3731 84
3731 88
3731 92
3731 93
3732 2
3732 8
3732 11
3732 60
3732 92
3732 95
3733 15
3733 21
3733 23
3733 29
3733 47
3733 63
3733 89
3733 98
3734 4
3734 7
3734 8
3734 18
3734 26
3734 36
3734 37
3734 39
3734 44
3734 59
3734 60
3734 63
3734 71
3734 98
3735 7
3735 59
3735 74
3735 96
3736 6
3736 19
3736 23
3736 29
3736 42
3736 43
3736 47
3736 52
3736 71
3736 89
3736 93
3737 11
3737 55
3737 64
3737 85
3738 6
3738 11
3738 23
3738 39
3738 44
3738 55
3738 63
3739 42
3739 55
3739 61
3739 97
3740 7
3740 18
3740 37
3740 42
3740 55
3740 77
3740 92
3741 35
3741 44
3741 73
3741 90
3741 92
3742 7
3742 11
3742 23
3742 74
3742 96
3742 98
3743 8
3743 24
3743 33
3743 39
3743 50
3743 51
3743 67
3743 74
3743 85
3743 89
3744 13
3744 35
3744 39
3744 42
3744 55
3744 59
3744 66
3744 81
3744 96
3744 97
3745 39
3745 44
3745 49
3745 55
3745 67
3745 73
3745 78
3745 98
3746 21
3746 47
3746 59
3746 74
3746 97
3747 7
3747 23
3747 24
3747 37
3747 92
3748 17
3748 36
3748 42
3748 67
3748 74
3748 77
3748 78
3748 85
3748 92
3748 99
3749 37
3749 39
3749 47
3749 49
3749 57
3749 59
3749 67
3749 83
3749 85
3749 92
3750 13
3750 44
3750 61
3750 73
3751 7
3751 13
3751 17
3751 23
3751 35
3751 43
3751 52
3751 53
3751 55
3751 67
3751 86
3752 57
3752 67
3752 71
3752 77
3753 26
3753 55
3753 83
3753 84
3754 35
3754 39
3754 42
3754 55
3754 59
3754 66
3754 81
3755 3
3755 43
3755 63
3755 90
3756 41
3756 48
3756 59
3756 73
3757 31
3757 34
3757 36
3757 40
3757 55
3757 64
3757 71
3757 78
3757 92
3757 96
3758 30
3758 37
3758 42
3758 43
3758 55
3758 59
3759 13
3759 17
3759 43
3759 53
3759 55
3759 67
3760 13
3760 36
3760 37
3760 42
3760 43
3760 51
3760 55
3760 85
3760 92
3761 7
3761 13
3761 40
3761 43
3761 55
3761 60
3761 63
3761 71
3761 93
3762 30
3762 44
3762 55
3762 59
3762 89
3762 92
3763 3
3763 11
3763 31
3763 36
3763 37
3763 43
3763 59
3763 60
3763 63
3763 64
3763 90
3763 94
3764 8
3764 13
3764 36
3764 43
3764 51
3764 63
3764 96
3765 43
3765 44
3765 47
3765 55
3765 62
3765 71
3765 92
3766 3
3766 13
3766 30
3766 50
3766 59
3766 67
3767 15
3767 21
3767 47
3767 97
3768 13
3768 31
3768 42
3768 43
3768 55
3768 97
3769 4
3769 13
3769 55
3769 63
3769 65
3769 83
3769 92
3770 13
3770 24
3770 45
3770 52
3770 55
3770 56
3770 59
3770 74
3770 95
3771 7
3771 13
3771 56
3771 59
3771 66
3771 67
3771 73
3771 74
3772 31
3772 47
3772 55
3772 60
3772 61
3772 92
3773 29
3773 61
3773 63
3773 65
3773 89
3773 92
3774 16
3774 21
3774 30
3774 43
3774 47
3774 55
3774 67
3775 36
3775 41
3775 47
3775 55
3775 59
3775 62
3775 92
3776 16
3776 23
3776 29
3776 47
3776 73
3776 74
3777 6
3777 11
3777 37
3777 40
3777 44
3777 55
3777 59
3777 60
3777 63
3778 3
3778 7
3778 32
3778 33
3778 39
3778 42
3778 43
3778 55
3778 61
3778 74
3778 86
3779 3
3779 7
3779 13
3779 18
3779 37
3779 42
3779 44
3779 49
3779 55
3780 36
3780 44
3780 65
3780 67
3781 6
3781 23
3781 27
3781 41
3781 59
3781 60
3781 63
3781 64
3781 71
3782 13
3782 25
3782 43
3782 63
3782 86
3782 92
3783 11
3783 23
3783 44
3783 55
3783 60
3783 61
3783 63
3783 65
3783 74
3783 85
3783 92
3783 98
3784 7
3784 23
3784 25
3784 32
3784 35
3784 42
3784 49
3784 52
3784 61
3784 74
3784 86
3785 22
3785 34
3785 37
3785 55
3785 71
3785 78
3786 13
3786 23
3786 63
3786 65
3786 92
3786 98
3787 13
3787 43
3787 44
3787 47
3787 55
3787 89
3788 39
3788 61
3788 63
3788 65
3788 85
3788 92
3789 3
3789 21
3789 43
3789 59
3789 63
3789 74
3789 90
3789 97
3790 45
3790 47
3790 59
3790 79
3791 15
3791 21
3791 36
3791 47
3791 52
3791 97
3792 7
3792 23
3792 35
3792 52
3792 54
3792 55
3792 60
3792 73
3792 74
3792 75
3793 23
3793 36
3793 37
3793 60
3793 71
3793 74
3793 92
3794 2
3794 33
3794 38
3794 50
3794 67
3794 73
3794 91
3795 20
3795 26
3795 27
3795 36
3795 48
3795 55
3795 59
3795 63
3795 64
3795 89
3795 92
3796 17
3796 60
3796 67
3796 71
3796 78
3796 90
3796 92
3796 93
3797 7
3797 23
3797 31
3797 42
3797 55
3797 56
3797 73
3797 78
3797 92
3797 93
3798 7
3798 13
3798 22
3798 23
3798 30
3798 31
3798 59
3798 62
3798 66
3798 67
3798 70
3798 71
3798 85
3798 92
3799 7
3799 23
3799 24
3799 36
3799 60
3799 67
3799 74
3799 78
3799 81
3799 93
3800 13
3800 34
3800 48
3800 63
3800 89
3801 3
3801 7
3801 11
3801 13
3801 31
3801 35
3801 67
3801 74
3801 85
3801 89
3802 6
3802 11
3802 31
3802 39
3802 43
3802 85
3802 98
3803 17
3803 52
3803 55
3803 60
3803 63
3803 74
3803 78
3803 92
3804 73
3805 43
3805 64
3805 73
3805 98
3806 6
3806 9
3806 18
3806 31
3806 36
3806 40
3806 52
3806 60
3806 61
3806 89
3806 93
3806 98
3807 3
3807 9
3807 13
3807 19
3807 21
3807 36
3807 43
3807 49
3807 55
3807 75
3807 78
3808 4
3808 47
3808 59
3808 60
3808 71
3809 40
3809 43
3809 54
3809 57
3809 59
3809 77
3809 92
3809 93
3810 16
3810 24
3810 36
3810 44
3810 49
3810 59
3810 60
3810 63
3810 65
3810 66
3810 67
3811 37
3811 39
3811 59
3811 63
3811 65
3811 73
3812 6
3812 7
3812 55
3812 71
3812 78
3812 92
3813 11
3813 17
3813 49
3813 66
3813 67
3814 13
3814 36
3814 43
3814 45
3814 47
3814 51
3814 59
3814 79
3815 7
3815 11
3815 17
3815 40
3815 47
3815 55
3815 61
3815 82
3815 85
3815 95
3816 25
3816 57
3816 59
3816 86
3816 93
3817 26
3817 39
3817 55
3817 59
3817 83
3817 84
3818 9
3818 13
3818 25
3818 31
3818 43
3818 44
3818 55
3818 61
3818 73
3818 75
3818 86
3818 92
3819 43
3819 67
3820 17
3820 26
3820 49
3820 63
3820 78
3820 91
3820 92
3821 6
3821 45
3821 71
3821 93
3822 11
3822 13
3822 27
3822 33
3822 37
3822 47
3822 53
3822 59
3822 63
3822 64
3822 67
3822 74
3823 7
3823 23
3823 25
3823 34
3823 35
3823 36
3823 43
3823 60
3823 71
3823 86
3823 92
3823 96
3824 6
3824 8
3824 22
3824 39
3824 40
3824 53
3824 55
3824 60
3824 77
3824 93
3824 95
3825 7
3825 11
3825 28
3825 31
3825 48
3825 59
3825 60
3825 64
3825 94
3825 98
3826 3
3826 11
3826 31
3826 35
3826 40
3826 60
3826 67
3826 81
3826 93
3827 3
3827 39
3827 59
3827 71
3827 98
3828 2
3828 6
3828 7
3828 13
3828 20
3828 28
3828 39
3828 40
3828 46
3828 55
3828 59
3828 71
3828 85
3828 92
3828 95
3828 98
3829 18
3829 63
3829 78
3829 95
3829 99
3830 0
3830 7
3830 11
3830 40
3830 42
3830 50
3830 78
3830 84
3831 23
3831 41
3831 43
3831 55
3831 59
3832 13
3832 23
3832 36
3832 38
3832 42
3832 63
3832 65
3832 77
3832 85
3832 92
3832 98
3833 3
3833 13
3833 36
3833 42
3833 43
3833 51
3833 55
3833 71
3834 7
3834 77
3834 92
3835 7
3835 46
3835 55
3835 59
3835 67
3835 78
3835 92
3836 7
3836 29
3836 62
3836 73
3836 78
3836 85
3837 7
3837 17
3837 52
3837 55
3837 78
3837 92
3838 6
3838 25
3838 36
3838 43
3838 44
3838 49
3838 86
3838 92
3839 29
3839 34
3839 35
3839 36
3839 39
3839 63
3839 74
3839 90
3839 92
3840 23
3840 37
3840 51
3840 60
3840 73
3840 74
3840 92
3841 17
3841 23
3841 44
3841 55
3841 59
3841 85
3841 95
3842 43
3842 48
3842 63
3842 64
3842 67
3842 89
3843 3
3843 4
3843 7
3843 40
3843 59
3843 63
3843 67
3843 74
3843 99
3844 4
3844 7
3844 23
3844 35
3844 40
3844 52
3844 60
3844 67
3844 86
3845 7
3845 31
3845 45
3845 50
3845 66
3845 67
3845 71
3845 73
3845 78
3845 85
3846 13
3846 20
3846 29
3846 40
3846 42
3846 43
3846 60
3846 71
3846 74
3846 77
3846 85
3846 89
3847 2
3847 13
3847 22
3847 28
3847 33
3847 59
3847 67
3847 71
3847 78
3847 91
3847 93
3847 96
3848 55
3848 83
3848 84
3848 90
3849 3
3849 31
3849 37
3849 40
3849 63
3850 8
3850 13
3850 60
3850 63
3850 75
3850 96
3850 98
3851 8
3851 13
3851 36
3851 40
3851 63
3851 89
3851 96
3851 98
3852 42
3852 55
3852 59
3852 60
3852 67
3852 77
3852 78
3852 85
3852 95
3853 17
3853 21
3853 36
3853 43
3853 47
3853 53
3853 55
3853 59
3853 62
3853 67
3853 71
3853 74
3853 89
3853 93
3853 97
3854 17
3854 23
3854 24
3854 61
3854 63
3854 70
3854 74
3854 88
3854 91
3854 99
3855 36
3856 59
3856 67
3856 74
3857 24
3857 35
3857 39
3857 42
3857 59
3857 66
3857 81
3858 9
3858 13
3858 40
3858 73
3858 85
3859 24
3859 26
3859 36
3859 37
3859 43
3859 47
3859 75
3859 89
3859 92
3860 13
3860 31
3860 36
3860 37
3860 55
3860 59
3860 60
3860 61
3860 74
3861 7
3861 13
3861 41
3861 42
3861 55
3861 61
3861 62
3861 66
3861 71
3861 74
3861 78
3861 92
3861 96
3862 17
3862 47
3862 60
3862 63
3862 64
3862 65
3862 78
3862 89
3862 92
3863 6
3863 21
3863 31
3863 33
3863 40
3863 44
3863 63
3863 73
3863 83
3863 98
3864 33
3864 36
3864 37
3864 59
3864 65
3864 67
3864 92
3864 93
3864 96
3865 4
3865 13
3865 25
3865 50
3865 67
3865 74
3865 78
3866 27
3866 41
3866 49
3866 59
3866 60
3867 23
3867 36
3867 71
3868 4
3868 13
3868 21
3868 33
3868 36
3868 39
3868 43
3868 45
3868 71
3868 73
3868 91
3868 99
3869 3
3869 19
3869 36
3869 43
3869 49
3869 57
3869 60
3869 63
3869 64
3869 75
3869 78
3869 83
3870 7
3870 17
3870 25
3870 74
3870 90
3870 92
3871 7
3871 24
3871 31
3871 34
3871 36
3871 40
3871 92
3872 9
3872 16
3872 22
3872 28
3872 34
3872 38
3872 42
3872 59
3872 63
3872 78
3872 97
3873 3
3873 6
3873 16
3873 28
3873 38
3873 44
3873 55
3873 63
3873 75
3873 77
3873 78
3873 92
3873 93
3874 23
3874 51
3874 74
3874 93
3875 3
3875 6
3875 23
3875 44
3875 55
3875 59
3875 63
3875 71
3876 71
3877 3
3877 4
3877 39
3877 59
3877 67
3877 71
3877 74
3877 89
3878 20
3878 57
3878 59
3878 63
3878 93
3879 17
3879 34
3879 35
3879 39
3879 42
3879 59
3879 60
3879 63
3879 66
3879 71
3879 81
3879 92
3879 97
3880 7
3880 8
3880 17
3880 23
3880 43
3880 44
3880 59
3880 67
3880 74
3880 92
3881 29
3881 47
3881 49
3881 64
3881 65
3881 78
3881 89
3881 93
3882 17
3882 34
3882 37
3882 74
3882 83
3882 99
3883 11
3883 13
3883 54
3883 55
3884 6
3884 23
3884 36
3884 64
3884 71
3884 73
3885 3
3885 23
3885 25
3885 28
3885 49
3885 64
3885 67
3885 73
3885 92
3885 93
3885 94
3886 26
3886 34
3886 36
3886 45
3886 47
3886 50
3886 59
3886 61
3886 73
3886 79
3887 8
3887 18
3887 25
3887 39
3887 86
3887 92
3887 93
3888 13
3888 28
3888 83
3889 6
3889 39
3889 44
3889 55
3889 59
3889 63
3890 30
3890 31
3890 59
3890 71
3890 74
3890 90
3890 93
3891 7
3891 33
3891 37
3891 46
3891 64
3892 7
3892 13
3892 19
3892 25
3892 39
3892 49
3892 59
3892 73
3892 77
3892 91
3892 92
3892 95
3893 6
3893 7
3893 17
3893 23
3893 24
3893 42
3893 55
3893 61
3893 63
3893 65
3893 67
3893 74
3893 78
3893 92
3893 99
3894 13
3894 20
3894 31
3894 34
3894 36
3894 40
3894 46
3894 55
3894 73
3894 92
3894 96
3895 6
3895 36
3895 44
3895 49
3895 60
3895 75
3895 98
3896 13
3896 36
3896 40
3896 63
3896 89
3897 13
3897 24
3897 55
3898 6
3898 53
3898 63
3898 64
3898 71
3899 25
3899 37
3899 43
3899 74
3899 86
3899 92
3900 17
3900 22
3900 34
3900 45
3900 53
3900 55
3900 63
3900 78
3900 92
3900 96
3901 3
3901 11
3901 13
3901 22
3901 36
3901 53
3901 67
3901 82
3902 20
3902 33
3902 46
3902 59
3902 67
3903 22
3903 26
3903 49
3903 53
3903 55
3903 63
3903 91
3904 41
3904 55
3904 59
3904 92
