22 23 31 59 67 70 71 85 92 
36 39 43 44 48 71 89 92 
11 37 43 89 90 
7 33 46 64 
6 13 23 40 42 44 59 71 89 90 92 93 
11 17 30 34 38 63 64 67 74 86 91 92 
34 39 59 63 65 95 99 
9 13 20 29 30 40 43 59 67 74 
26 36 40 45 47 55 62 64 71 73 83 84 
34 40 65 71 83 98 
6 45 47 55 59 71 79 93 
4 37 60 61 66 71 73 74 98 
3 20 24 26 46 49 75 85 93 98 
11 20 29 40 43 60 74 
71 86 93 
47 49 59 67 74 93 95 96 
11 20 36 37 40 55 59 60 63 85 95 
2 4 11 18 36 40 50 52 55 59 60 85 92 
7 25 50 51 67 74 85 
6 31 35 40 81 92 
3 23 28 67 71 93 98 
7 31 37 40 55 61 
4 8 23 60 74 78 98 
47 64 65 78 
31 55 63 71 74 92 
7 24 26 29 34 59 73 78 85 
40 47 63 65 85 92 
16 20 21 40 46 52 55 57 59 60 65 66 73 98 
8 13 15 21 28 47 54 57 59 93 97 
20 61 63 73 
37 38 48 60 75 78 92 96 98 
6 7 11 36 37 40 59 60 67 92 
11 17 37 43 54 57 59 60 61 75 89 90 93 97 
6 7 35 39 48 57 59 92 93 
19 60 75 98 
3 22 74 82 91 
26 47 55 71 73 83 84 90 92 98 
18 31 37 41 55 59 74 92 
36 43 48 63 66 71 92 
13 36 40 89 98 
23 63 65 71 86 95 
29 
21 36 47 55 67 93 
13 23 65 73 74 98 
18 26 37 42 55 83 84 
9 11 13 19 34 36 42 54 63 75 89 
20 29 38 40 43 63 67 74 92 
7 29 59 62 73 78 85 
4 17 42 43 49 50 55 63 78 92 
23 43 63 92 
53 63 74 86 91 
6 8 13 20 24 60 71 95 
23 37 42 55 
34 36 43 44 48 49 51 53 59 89 91 
39 40 50 51 67 74 77 85 
3 6 23 40 43 44 47 48 77 85 92 
28 53 61 63 89 92 93 98 
11 17 37 43 50 59 71 89 90 92 98 
4 7 42 60 74 
6 11 17 36 37 55 60 
22 31 34 71 73 93 
6 8 33 60 95 
2 6 7 16 28 43 44 50 53 85 91 98 
8 13 95 96 
85 
13 31 55 64 71 78 92 96 
22 36 37 38 48 57 59 63 83 89 97 
7 40 55 59 71 77 95 
31 34 36 37 40 92 
7 29 40 47 59 62 73 78 85 
40 59 61 63 65 73 92 
4 17 55 63 83 95 
13 38 48 55 83 84 
3 8 9 13 20 33 34 35 36 37 50 55 61 67 75 89 90 92 93 
22 31 39 43 53 55 85 98 
22 23 31 59 67 70 71 85 92 
2 28 33 51 53 63 93 
7 11 30 50 59 64 67 93 95 
22 34 71 
30 67 89 
7 29 47 61 77 89 92 93 
28 33 36 40 55 93 
7 13 28 43 55 61 64 75 94 
6 7 13 23 35 36 39 42 44 59 62 63 66 81 92 
6 7 24 31 34 36 40 44 46 55 59 63 78 85 92 98 
21 43 56 88 96 
7 25 45 47 59 79 
7 23 35 52 86 93 
3 4 23 39 53 59 63 71 73 86 
41 71 73 92 96 
13 31 55 64 65 71 78 84 92 96 
30 43 55 59 65 71 
8 18 29 37 51 63 89 95 99 
3 7 13 23 34 41 55 59 60 71 83 92 
25 39 73 92 96 98 
17 60 67 
13 17 39 55 56 74 92 95 99 
20 37 39 43 50 57 83 88 91 92 
3 7 11 24 39 40 56 59 
13 31 40 55 64 71 73 78 89 92 96 
7 8 11 24 64 70 85 98 
7 16 23 33 37 43 63 64 
6 9 21 36 40 47 55 61 67 93 
29 39 55 67 74 85 89 
11 13 29 36 39 43 51 74 77 
11 40 47 60 61 73 74 
7 18 22 32 37 42 55 61 63 74 
3 6 28 59 63 93 
6 31 36 44 49 55 59 63 71 
4 6 16 23 30 36 39 43 44 45 50 55 59 63 67 74 
23 24 26 36 43 44 47 55 59 63 90 92 
3 19 36 43 49 57 59 71 75 78 90 
3 6 8 59 60 71 73 
7 31 36 55 60 63 85 
6 8 23 37 43 71 92 
49 65 67 71 73 98 
28 36 37 64 73 92 96 97 
7 13 16 21 33 43 44 47 55 59 65 74 97 
34 43 44 45 47 64 96 
38 50 51 59 63 67 
11 13 55 65 71 92 98 
22 23 31 59 67 70 71 85 92 
6 11 13 43 54 71 77 
3 7 23 24 31 35 85 86 
13 18 55 63 65 92 
4 25 39 48 60 
6 13 24 37 55 63 65 73 78 92 
13 16 24 36 40 44 65 89 95 98 
37 47 49 62 63 65 66 73 85 92 
13 34 43 44 63 71 83 
8 17 60 67 71 73 92 95 96 
31 36 59 63 74 95 99 
19 30 43 63 67 89 
11 37 38 50 63 64 67 92 
4 8 34 36 39 43 45 90 98 
13 19 23 36 40 47 60 61 64 71 73 92 93 
17 33 60 64 67 73 96 98 
6 21 36 44 47 55 63 67 93 
41 44 55 59 65 89 92 
11 22 23 31 59 67 70 71 85 92 
22 28 29 34 48 59 64 81 93 98 
6 43 62 67 88 
4 23 55 60 
29 37 42 55 64 85 93 
11 34 49 55 59 63 64 83 95 
6 21 31 36 39 47 48 55 61 63 67 89 92 93 
33 37 42 55 59 67 85 93 
13 22 53 55 71 74 83 
3 4 21 36 39 43 45 88 98 
6 11 17 36 37 43 44 49 89 90 
6 40 92 
7 39 59 71 92 
4 13 20 40 46 55 83 
8 18 37 92 98 
7 20 21 47 55 59 62 71 74 92 93 97 
4 13 40 55 83 
31 34 36 40 43 55 60 63 66 71 
20 26 31 33 47 55 63 89 
22 37 44 53 55 71 
9 23 42 59 74 91 92 97 98 
6 7 11 16 23 28 39 
7 23 35 59 63 92 
3 7 13 20 29 39 40 43 44 50 59 
73 78 83 96 98 
7 9 13 27 34 37 47 55 63 66 78 
40 43 47 71 92 98 
6 7 42 61 74 78 89 95 
11 20 31 36 46 59 61 63 74 89 
34 36 39 63 71 77 92 
15 16 21 30 43 44 47 67 97 
7 26 59 93 
54 57 59 93 
31 39 43 85 98 
6 13 22 37 42 45 71 77 85 92 93 
7 13 33 37 44 46 64 
13 25 42 43 44 55 85 86 92 
8 13 23 41 55 59 73 92 
27 28 41 60 75 95 98 
13 22 28 36 64 71 92 94 96 
2 4 7 13 28 29 33 47 60 
2 7 11 29 31 60 85 89 
22 23 31 59 67 70 71 85 92 93 
3 36 39 40 59 92 
13 29 40 63 64 65 92 93 
59 74 
13 37 63 65 71 73 91 
20 23 29 40 43 51 55 59 63 74 
11 19 26 36 37 42 45 54 63 75 
2 11 20 26 36 47 60 71 93 98 
8 13 15 21 47 89 92 95 97 
18 21 37 42 55 59 74 
13 34 40 63 73 86 96 
22 23 31 59 67 70 71 85 92 
3 6 11 20 29 36 40 42 43 67 74 85 
3 13 36 43 51 95 
6 13 23 37 55 57 59 65 74 93 
4 11 17 18 29 36 37 39 43 52 74 89 90 98 99 
40 55 59 60 73 74 85 95 
7 17 36 39 43 55 73 89 92 
4 13 40 55 83 
2 7 26 59 62 73 78 85 
7 30 32 42 59 61 67 74 
6 7 9 13 23 40 51 61 71 73 74 
25 31 34 36 40 43 86 92 
4 13 27 40 41 47 55 59 63 64 83 92 
6 13 23 36 60 61 63 65 71 91 92 
33 
23 36 39 43 48 54 60 77 89 92 93 
16 23 40 43 47 55 59 67 71 78 85 95 98 
11 18 31 40 42 51 55 59 73 
21 23 43 47 59 63 74 97 
6 29 39 42 43 44 47 63 74 89 
24 48 60 63 67 74 78 95 99 
6 13 31 34 36 43 51 53 59 63 66 71 73 92 
13 30 31 55 73 78 92 98 
6 16 23 24 38 44 59 63 
31 73 74 92 93 97 
22 23 31 59 67 70 71 85 92 
3 17 37 63 74 91 92 97 99 
3 22 23 59 92 95 
13 43 55 67 71 78 92 95 96 
11 13 31 55 63 64 71 78 92 96 
3 7 35 39 42 49 50 59 66 81 91 97 
6 11 23 37 50 64 71 
22 31 37 40 43 53 55 64 73 98 
4 60 64 
13 31 36 43 51 55 64 71 78 92 
6 7 73 89 96 98 
27 41 60 
3 4 49 50 85 98 
38 39 40 59 63 67 71 77 
6 13 28 29 34 39 55 59 60 64 73 74 94 
3 26 27 33 39 47 55 63 64 92 
3 25 30 31 34 36 40 47 59 67 83 86 92 
11 13 27 41 49 55 60 65 89 93 
7 11 19 23 24 43 55 65 71 77 
20 23 37 42 44 55 63 92 
8 16 17 23 65 71 97 
17 30 31 57 59 67 73 89 93 
6 38 61 63 64 67 71 75 78 89 
23 24 34 36 43 56 63 
31 35 39 43 44 49 51 63 73 85 97 98 
4 7 26 33 38 43 44 49 50 51 55 63 85 91 93 
28 36 37 63 92 93 
37 39 55 59 67 77 89 95 
36 42 59 74 77 85 92 
24 36 38 59 63 67 74 
8 63 66 67 
2 4 15 28 33 47 60 93 97 
4 37 60 92 
55 62 67 95 
7 23 35 52 59 61 63 65 85 86 92 
8 13 18 20 42 55 63 71 83 92 
20 23 33 40 43 49 55 93 
24 45 52 56 59 
45 47 59 67 71 78 79 83 98 
7 13 17 51 53 55 63 67 92 93 95 
13 22 25 49 66 78 83 90 
4 13 22 23 36 43 44 50 53 55 61 63 66 71 85 
6 36 60 71 74 
13 31 64 71 78 92 96 
6 11 55 64 90 92 95 
13 20 26 40 43 44 55 65 71 74 77 94 
23 43 54 77 93 
11 13 19 36 42 54 57 59 63 74 93 
16 34 36 45 53 65 96 
15 17 21 55 59 60 67 85 95 97 
7 61 63 65 92 
3 37 39 49 55 63 85 98 
16 24 44 65 
8 11 13 17 31 37 43 55 71 78 89 90 92 96 
2 4 13 16 30 36 44 53 65 67 85 89 99 
3 59 63 64 74 75 
4 13 40 59 60 67 71 74 77 91 
2 13 17 33 43 91 
7 13 19 43 44 47 55 71 73 
6 16 43 71 88 
3 6 40 43 44 55 63 
43 63 66 71 
28 55 65 71 94 
7 23 35 52 53 63 86 
4 7 9 13 34 49 60 75 98 99 
9 42 78 97 
13 26 29 34 36 43 49 50 63 88 91 92 93 
3 13 23 33 36 44 55 67 74 85 93 95 98 
7 8 18 37 42 55 98 
26 36 39 48 55 83 84 89 92 
11 13 34 36 37 59 60 63 
13 22 42 59 71 74 77 85 
7 22 37 39 47 53 55 59 61 
7 11 40 46 47 61 64 83 
13 22 31 57 59 73 78 93 
27 61 64 73 96 
11 31 36 37 39 43 59 60 85 98 
9 42 47 61 63 65 71 77 92 97 
37 42 43 47 55 61 65 73 74 85 93 98 
23 39 43 56 59 74 98 
7 13 16 21 23 24 31 43 47 50 55 59 71 74 91 97 
3 19 36 43 49 75 78 92 93 
9 13 23 33 36 41 47 53 60 71 
7 8 47 49 55 56 92 93 
36 37 43 89 92 
11 31 34 36 40 41 55 59 77 92 98 
37 42 43 55 56 61 73 85 
13 24 28 41 47 53 92 93 98 
7 22 24 43 46 50 59 61 65 73 78 85 98 
6 28 44 55 63 64 94 
23 36 73 90 
2 8 23 37 
59 63 65 74 93 95 96 
4 43 93 99 
13 17 22 34 40 43 45 55 61 64 71 77 92 96 99 
7 11 13 36 37 43 55 59 60 63 73 
29 37 40 65 93 96 
25 36 59 74 78 83 92 
23 47 55 59 63 70 98 
7 23 30 67 74 77 84 89 92 98 
6 11 36 37 42 45 59 60 75 89 
4 7 18 37 42 47 55 60 61 92 
3 4 13 23 43 
56 60 70 74 79 98 
6 11 13 16 23 39 65 73 89 92 98 
3 6 11 13 47 59 63 71 
13 16 28 36 53 65 67 92 93 
22 23 43 55 60 65 66 74 78 98 
20 29 40 43 49 66 74 
31 34 36 40 92 
7 36 40 44 49 63 77 85 
7 19 23 24 52 65 73 86 92 98 
22 23 31 59 67 70 71 85 92 
7 13 23 36 43 46 51 64 67 78 
11 36 37 38 59 63 67 92 93 
13 16 36 43 44 52 59 63 89 
23 65 73 78 90 98 
0 13 24 26 47 59 63 70 74 75 98 
3 7 47 48 56 60 89 
4 13 30 40 43 55 56 59 64 67 73 74 83 
17 39 59 71 74 78 83 98 99 
31 39 42 55 59 71 74 97 98 
7 20 29 39 63 71 88 93 
43 44 47 57 59 93 
13 22 26 29 55 59 65 71 83 84 96 
25 29 39 55 61 63 65 89 92 
7 25 
7 17 25 40 43 49 61 63 65 77 86 92 93 
20 23 29 40 43 46 74 98 
2 11 13 18 20 29 40 43 50 52 55 60 63 74 
2 11 21 49 51 60 64 88 
22 60 74 78 
8 38 50 51 55 63 67 71 85 
21 47 74 
6 8 11 26 36 43 44 47 59 60 63 71 95 
18 39 42 43 50 55 61 63 65 74 92 
35 37 39 43 44 51 53 59 65 66 81 91 93 
0 7 35 39 42 50 59 63 66 81 84 
16 23 26 29 47 62 67 86 
13 17 43 53 55 67 83 
39 43 55 85 98 
11 40 60 73 
18 24 26 37 42 47 55 75 
4 30 60 61 63 65 67 89 92 
3 13 19 55 59 63 73 85 91 92 
6 36 44 47 49 64 65 89 
3 7 11 13 50 56 63 64 83 85 
31 34 36 37 40 55 59 71 92 95 
8 11 39 42 53 77 85 92 98 
16 28 38 60 63 73 74 78 
29 37 39 63 65 73 74 
23 33 36 50 60 71 
11 13 20 26 30 36 46 47 59 63 64 71 92 96 98 
2 8 9 13 
11 13 22 34 59 77 98 
3 19 34 43 57 59 71 83 85 93 
20 37 44 55 60 74 75 85 88 93 
22 41 43 44 48 59 62 71 73 
21 36 47 55 60 67 78 93 
13 31 55 64 67 71 78 92 96 98 
7 13 23 29 51 55 60 71 91 95 
3 4 36 37 39 43 45 49 55 61 75 78 
7 29 55 59 60 62 73 74 78 85 
6 7 89 98 
35 39 42 59 66 81 
17 21 23 31 40 55 
16 30 43 63 66 67 71 
16 39 50 55 59 74 85 
40 45 47 55 59 62 71 83 85 95 99 
2 7 9 26 49 55 73 83 84 
40 47 55 96 
6 45 71 93 
8 37 63 65 73 92 95 
3 59 63 64 74 75 
3 6 26 42 59 67 74 89 
18 37 42 55 
22 34 40 59 78 89 
40 43 55 61 64 77 
6 7 17 23 44 55 63 74 98 
2 7 11 13 22 60 71 74 78 91 93 
7 17 21 23 24 36 47 55 59 62 63 67 74 78 93 95 98 
22 34 40 59 63 73 85 
13 36 62 66 67 78 85 90 92 
3 43 54 55 75 90 92 
3 23 36 39 40 59 60 71 
2 28 33 60 93 
7 24 56 
47 54 55 71 75 
7 29 33 37 46 64 89 
13 23 25 39 90 92 
6 59 61 63 78 
4 13 40 55 83 
6 53 71 98 
3 34 35 36 48 59 63 64 74 75 
11 13 22 36 37 55 59 60 
3 6 11 25 43 93 
27 40 47 55 63 64 71 77 92 93 98 
7 31 34 55 63 95 98 
16 17 23 29 30 43 47 59 95 
11 13 17 37 43 55 89 90 
21 55 61 63 71 77 
7 22 23 31 36 48 59 61 67 70 71 85 89 92 
7 23 24 
9 13 34 38 47 59 75 79 
4 13 21 40 55 60 75 98 
2 8 21 33 63 67 71 78 93 
23 37 42 55 74 84 98 
49 66 67 93 
11 31 34 36 40 43 60 64 92 
8 17 43 67 71 78 
3 7 13 43 55 67 89 
3 6 7 13 21 59 71 77 91 93 
13 31 55 78 92 93 
23 43 88 
8 11 40 49 54 55 75 77 
6 13 41 44 55 59 63 92 
13 16 35 40 42 44 55 73 89 
2 3 4 11 13 26 43 50 55 59 63 77 83 84 93 98 
21 31 33 37 50 55 59 63 92 97 
37 55 59 71 95 
18 37 42 43 55 63 66 71 90 92 
26 27 36 41 44 47 49 55 60 63 66 67 71 77 83 84 
2 3 8 39 40 59 
11 13 23 55 59 67 
6 7 36 44 49 59 
13 31 55 64 71 78 92 96 
7 13 56 60 73 75 92 93 96 98 
3 13 26 43 61 63 65 75 82 92 
6 7 37 39 44 59 85 92 98 
13 19 30 55 73 92 98 
6 24 44 55 63 65 78 
11 13 31 34 36 40 48 49 53 66 67 89 92 
37 43 60 64 84 89 97 
20 29 40 43 63 74 
3 13 23 37 39 40 44 55 63 67 78 
60 73 74 78 
13 19 23 36 60 71 73 
7 17 43 71 86 90 92 
13 19 53 65 73 
16 23 36 53 55 59 65 67 98 
38 63 67 90 92 
8 23 31 61 63 85 92 95 99 
7 23 24 70 74 98 
6 8 18 30 42 43 59 71 89 92 
13 36 43 51 57 59 
1 11 13 34 71 74 91 
7 11 13 15 25 34 36 37 59 63 67 74 89 96 
8 34 43 60 73 74 90 98 
2 4 11 18 50 52 55 60 63 
24 49 55 66 67 70 88 
7 11 24 36 40 56 63 67 
2 4 25 33 40 43 63 64 71 86 90 91 92 
24 26 27 38 41 47 60 63 67 75 92 
13 26 34 39 59 71 73 86 98 
34 36 47 59 63 64 65 78 89 92 
13 33 44 45 59 67 71 74 75 91 92 
16 30 36 59 63 67 
13 22 28 49 55 60 67 86 96 
7 19 23 36 98 
24 26 38 47 63 67 71 75 83 
8 34 36 95 
11 31 39 43 57 59 60 64 85 93 98 
31 35 59 63 74 85 
11 13 50 64 85 
24 37 39 42 59 67 71 77 85 89 
20 29 36 40 43 74 92 
13 59 70 89 98 
7 27 29 37 47 57 63 66 71 83 89 
7 17 37 43 97 
11 17 22 23 31 37 43 59 67 70 71 85 89 90 92 
4 6 13 17 23 30 42 43 49 50 59 63 67 
31 39 43 49 51 59 
13 43 44 45 47 59 67 79 92 93 
23 36 59 71 74 98 
7 27 30 36 40 47 55 59 63 66 67 85 
3 7 13 50 63 
30 37 40 55 59 63 65 67 73 85 89 
22 23 31 43 59 67 70 71 85 92 
7 43 44 53 55 67 74 89 91 
6 37 39 59 73 83 92 98 
16 28 40 47 61 63 64 65 71 77 78 89 92 
40 55 63 85 
13 17 19 39 53 55 67 73 92 93 
7 20 29 40 43 46 64 74 
23 27 37 42 47 49 55 64 73 84 
4 7 9 13 17 22 23 36 40 44 60 63 71 73 74 86 
13 21 26 55 71 73 83 84 92 
36 37 55 59 61 63 89 
7 23 24 47 92 
23 43 54 57 59 77 93 
6 7 25 43 47 61 92 93 
8 13 23 26 31 34 36 40 90 92 
31 35 37 40 44 73 
7 9 13 33 37 46 64 84 89 
29 39 50 74 
42 64 77 85 
3 19 36 43 49 75 78 
7 11 23 31 37 42 55 71 88 
16 23 52 55 59 67 98 
37 71 98 
22 23 31 59 67 70 71 85 92 
92 
3 7 8 13 24 50 74 92 95 
11 43 64 73 74 98 
13 20 36 60 77 78 83 89 92 93 
13 30 41 55 61 63 65 92 95 98 
8 16 18 21 43 52 59 71 74 88 97 98 
4 9 20 26 36 39 43 45 46 96 
8 11 13 18 22 31 36 37 54 57 59 93 97 
2 3 11 13 36 43 51 60 67 89 
59 67 74 
4 13 55 63 83 95 99 
11 13 36 59 60 
11 23 36 37 43 49 51 59 60 66 67 89 
61 63 71 77 
20 29 36 40 43 55 59 74 95 
11 24 33 55 59 65 74 93 96 
3 23 59 63 64 74 75 98 
2 4 8 18 23 53 71 77 98 99 
4 61 65 73 98 
17 42 60 67 77 85 
4 13 17 35 40 55 62 63 73 78 92 
2 3 33 37 39 53 55 59 61 64 67 69 71 74 81 90 98 
3 4 23 35 38 48 50 61 63 67 71 73 95 99 
1 4 11 13 23 28 40 55 74 83 93 98 
6 26 34 67 74 83 88 
55 59 66 67 71 73 74 98 
6 23 64 71 74 98 
4 13 20 30 37 40 43 47 55 59 92 
7 43 44 53 59 91 
17 43 61 73 
7 23 24 47 55 56 59 63 78 85 
9 13 25 40 43 73 86 92 
35 39 42 59 66 81 92 93 
4 36 39 43 45 
9 13 34 52 63 75 
3 19 36 43 49 75 78 
7 17 23 25 63 78 92 
17 22 43 59 60 67 74 
13 24 26 47 75 92 
7 20 23 37 43 56 88 89 90 92 93 
30 34 43 50 59 63 67 78 
23 28 29 31 34 36 39 40 59 61 63 74 92 98 
9 11 13 36 37 40 59 60 73 
59 71 
3 6 11 23 39 
13 36 63 90 92 
48 55 61 63 73 74 78 85 91 
6 36 43 44 49 64 73 90 92 
55 71 74 
35 39 42 59 66 81 
4 42 49 50 55 63 
22 23 31 59 67 70 71 85 92 
6 34 36 43 44 55 63 64 
18 36 37 42 55 60 64 
6 44 55 63 
11 27 34 59 65 73 85 89 98 
13 22 36 48 60 63 89 92 
2 11 19 55 60 
3 16 36 43 53 63 65 90 
13 19 36 55 63 71 73 
11 27 34 59 89 
7 17 36 48 63 89 92 
8 13 30 36 44 55 59 61 63 78 89 96 
36 59 
37 40 55 59 60 85 95 97 
3 7 13 40 43 55 63 71 77 96 
37 49 60 73 
8 13 61 63 71 78 92 
7 16 17 24 30 44 59 60 63 65 67 78 89 
11 13 16 28 29 36 37 42 43 44 47 59 60 64 94 
13 50 55 60 
13 27 59 63 71 90 
48 71 77 85 
2 4 11 18 36 47 50 52 55 60 63 71 77 
17 31 37 40 63 78 92 
7 11 17 23 31 53 65 
3 11 13 19 42 
4 13 40 55 83 
16 23 29 47 65 93 95 96 
2 4 11 18 50 52 55 60 63 
7 24 46 59 78 85 
6 16 23 43 59 63 88 
6 40 43 50 55 74 92 
6 20 26 36 37 45 59 63 75 
4 20 29 34 39 43 45 50 74 83 
13 21 47 59 74 92 97 
9 11 13 19 26 34 36 42 54 55 61 63 75 92 
8 9 13 18 31 40 73 78 93 
2 3 20 40 44 49 63 73 85 98 
7 8 13 35 43 48 55 71 
7 23 35 41 52 55 59 86 
21 23 47 55 59 74 89 97 
19 55 
37 42 55 85 89 
11 27 36 37 60 61 73 96 
39 40 47 59 93 98 
7 63 71 77 
6 38 62 64 71 
6 7 40 43 55 63 71 92 
3 7 8 13 23 43 49 56 63 64 67 
7 39 49 59 71 78 83 98 
36 53 64 67 92 
34 59 84 89 
7 13 17 26 43 45 47 49 55 59 79 91 
23 74 98 
11 63 64 
13 22 31 53 55 64 71 78 92 96 
3 4 6 23 31 37 40 95 98 99 
28 48 64 73 78 
17 21 22 34 63 71 73 78 83 92 
3 13 42 43 77 85 89 
22 28 53 55 64 94 
13 36 40 89 98 
2 21 36 47 55 67 73 93 96 
3 13 37 43 44 47 60 63 71 91 
6 7 8 18 23 36 59 63 71 92 98 
30 44 55 67 78 89 
7 24 26 34 46 59 71 77 78 85 94 
24 67 
2 3 36 63 89 92 
4 24 31 36 39 43 45 59 
9 13 31 40 47 59 61 63 84 89 92 
11 18 31 42 43 55 
3 6 23 30 36 40 55 59 60 63 67 71 74 89 
6 36 43 44 47 49 59 71 92 
48 55 85 89 
11 26 55 83 84 
24 26 47 55 75 83 84 
7 8 11 71 
7 11 32 42 61 63 64 74 
6 40 59 71 90 92 
37 63 88 95 99 
7 11 17 37 42 43 77 85 89 90 
26 55 62 66 83 84 85 
29 31 37 40 47 85 89 
7 13 17 23 40 52 55 67 92 98 
13 16 43 55 
6 8 24 31 36 45 49 52 56 59 65 
18 37 42 55 
3 4 11 13 23 43 71 86 92 96 
6 55 71 74 
37 55 60 61 73 74 
18 23 37 42 55 63 64 
6 11 23 30 39 55 67 89 
2 3 65 81 93 96 
20 29 39 40 41 43 55 59 73 74 92 98 
11 61 63 71 77 98 
36 37 43 89 
20 36 43 59 63 67 74 92 
6 13 39 42 44 74 89 
7 36 37 49 60 73 
3 36 49 55 65 67 93 
23 26 34 55 59 83 84 
2 11 17 24 28 33 37 43 67 89 90 93 
11 17 23 43 51 63 66 77 89 95 
8 13 31 36 43 51 57 71 98 
41 59 73 89 93 
23 71 88 93 95 
18 37 42 55 61 78 83 92 
3 43 63 67 77 78 89 90 95 
23 54 59 63 75 
36 55 59 61 63 89 
11 21 24 61 63 65 71 73 74 92 
8 63 66 77 89 95 96 
36 63 
6 26 41 55 59 67 74 88 92 
3 8 18 30 31 36 55 67 84 85 89 
47 64 65 78 
17 63 78 92 
8 20 33 37 50 55 93 
8 18 23 41 47 55 59 74 98 
23 26 36 38 48 63 89 92 
4 17 23 26 30 43 59 
23 43 47 54 57 59 64 65 74 78 89 93 98 
6 17 40 44 49 55 63 74 77 95 99 
3 6 9 23 31 36 48 67 73 78 92 
11 13 25 43 60 64 71 83 86 92 
7 17 23 35 36 40 52 60 78 86 95 
36 37 59 60 
11 17 25 30 43 64 86 92 
3 7 13 50 51 57 59 71 93 
7 13 59 62 67 96 
11 34 53 59 67 74 83 
7 49 78 83 92 93 
20 25 33 42 46 67 77 85 
6 8 13 18 24 27 40 55 62 67 92 98 
3 7 13 39 40 50 55 67 71 74 77 85 
6 49 55 71 74 92 93 
6 40 44 47 55 61 63 64 
4 6 7 13 33 36 37 42 46 50 63 64 
23 31 34 36 40 50 55 59 61 63 67 69 92 
4 31 59 60 63 71 92 
3 39 40 59 
3 20 29 40 43 59 63 64 74 75 
33 36 40 73 77 
29 59 63 64 71 92 93 
6 55 64 71 
4 41 50 55 59 64 92 
13 29 39 59 61 71 73 74 75 91 98 
6 28 31 35 44 55 63 64 81 94 
17 25 43 67 86 92 
16 65 97 
7 71 88 93 
3 11 13 36 37 43 51 59 60 67 
7 13 24 43 49 55 56 63 
13 27 41 59 60 
4 22 59 62 
34 35 39 42 59 63 66 67 81 89 93 
27 29 41 60 93 
6 13 22 34 43 56 59 63 85 
3 24 26 36 39 55 57 59 63 67 70 71 83 88 98 
13 19 40 60 67 73 79 
2 7 13 26 36 55 77 85 91 92 95 
3 19 33 36 37 42 43 49 55 75 78 85 
8 11 13 43 55 67 78 92 96 
13 26 34 39 41 43 48 53 59 73 98 
42 77 85 
11 26 36 37 55 59 60 78 83 84 
52 60 
30 36 43 48 59 89 92 
20 29 40 43 63 74 
3 19 36 43 49 75 78 
3 4 43 60 63 67 90 
17 24 49 66 67 
6 18 31 34 36 40 42 55 64 71 92 
6 13 44 67 78 
6 22 27 41 44 55 60 63 93 
8 30 49 55 65 67 71 
6 43 44 55 59 63 71 84 86 89 90 92 93 
13 33 59 60 63 67 73 74 
4 17 40 43 57 59 67 89 93 
23 37 42 55 74 
13 55 59 61 63 65 67 71 74 77 83 85 92 
13 16 23 29 47 50 59 63 74 
6 7 13 23 42 56 65 89 93 95 96 98 
21 36 47 55 67 93 
7 31 35 70 71 85 98 
61 63 78 92 
9 13 40 60 73 75 98 
29 73 89 96 
7 18 37 42 55 59 71 78 79 91 93 
29 59 62 63 67 73 74 78 85 86 92 93 
3 7 19 36 43 75 78 
13 49 59 66 67 70 98 
2 4 8 11 18 36 47 50 52 55 60 62 63 71 92 95 
61 63 65 92 
36 59 71 95 98 
17 30 43 86 
7 23 35 52 54 57 85 93 98 
7 22 59 62 77 92 93 
65 73 98 
3 13 19 31 34 36 43 49 55 64 71 75 78 90 92 96 98 
13 20 23 46 55 92 93 
9 13 42 55 74 91 97 
55 60 73 79 97 
6 33 34 57 59 64 71 93 
22 50 59 60 62 67 74 
4 6 13 19 36 43 44 49 55 63 75 78 99 
6 31 34 36 37 39 43 59 63 67 83 89 92 93 
39 50 51 67 74 85 
4 7 23 35 50 52 86 
19 39 55 93 95 
3 26 43 55 63 83 84 90 
8 11 18 23 27 31 34 37 42 55 59 89 98 
11 13 18 26 34 36 37 42 43 50 55 63 83 84 
17 23 54 59 93 
22 42 61 63 65 77 85 92 96 
4 23 33 35 52 60 63 67 74 86 98 
39 59 71 98 
11 25 36 37 47 59 60 61 63 65 74 92 
31 39 40 43 48 85 98 
7 11 43 49 51 63 
13 31 55 64 71 78 92 96 
4 7 13 37 49 55 56 63 65 73 83 
7 25 37 43 49 59 60 71 73 86 92 
4 13 29 40 55 73 83 89 96 
39 59 71 98 
3 4 6 34 50 63 82 92 
0 13 23 26 55 59 74 78 86 92 96 98 
51 53 60 63 75 98 
3 35 39 42 59 66 81 95 
7 22 32 42 53 55 59 61 70 74 98 
13 31 55 64 65 71 78 92 96 
49 66 67 
23 26 33 36 47 55 63 73 89 
4 6 16 26 43 55 60 83 84 88 92 93 
2 8 11 60 92 95 
15 21 23 29 47 63 89 98 
4 7 8 18 26 36 37 39 44 59 60 63 71 98 
7 59 74 96 
6 19 23 29 42 43 47 52 71 89 93 
11 55 64 85 
6 11 23 39 44 55 63 
42 55 61 97 
7 18 37 42 55 77 92 
35 44 73 90 92 
7 11 23 74 96 98 
8 24 33 39 50 51 67 74 85 89 
13 35 39 42 55 59 66 81 96 97 
39 44 49 55 67 73 78 98 
21 47 59 74 97 
7 23 24 37 92 
17 36 42 67 74 77 78 85 92 99 
37 39 47 49 57 59 67 83 85 92 
13 44 61 73 
7 13 17 23 35 43 52 53 55 67 86 
57 67 71 77 
26 55 83 84 
35 39 42 55 59 66 81 
3 43 63 90 
41 48 59 73 
31 34 36 40 55 64 71 78 92 96 
30 37 42 43 55 59 
13 17 43 53 55 67 
13 36 37 42 43 51 55 85 92 
7 13 40 43 55 60 63 71 93 
30 44 55 59 89 92 
3 11 31 36 37 43 59 60 63 64 90 94 
8 13 36 43 51 63 96 
43 44 47 55 62 71 92 
3 13 30 50 59 67 
15 21 47 97 
13 31 42 43 55 97 
4 13 55 63 65 83 92 
13 24 45 52 55 56 59 74 95 
7 13 56 59 66 67 73 74 
31 47 55 60 61 92 
29 61 63 65 89 92 
16 21 30 43 47 55 67 
36 41 47 55 59 62 92 
16 23 29 47 73 74 
6 11 37 40 44 55 59 60 63 
3 7 32 33 39 42 43 55 61 74 86 
3 7 13 18 37 42 44 49 55 
36 44 65 67 
6 23 27 41 59 60 63 64 71 
13 25 43 63 86 92 
11 23 44 55 60 61 63 65 74 85 92 98 
7 23 25 32 35 42 49 52 61 74 86 
22 34 37 55 71 78 
13 23 63 65 92 98 
13 43 44 47 55 89 
39 61 63 65 85 92 
3 21 43 59 63 74 90 97 
45 47 59 79 
15 21 36 47 52 97 
7 23 35 52 54 55 60 73 74 75 
23 36 37 60 71 74 92 
2 33 38 50 67 73 91 
20 26 27 36 48 55 59 63 64 89 92 
17 60 67 71 78 90 92 93 
7 23 31 42 55 56 73 78 92 93 
7 13 22 23 30 31 59 62 66 67 70 71 85 92 
7 23 24 36 60 67 74 78 81 93 
13 34 48 63 89 
3 7 11 13 31 35 67 74 85 89 
6 11 31 39 43 85 98 
17 52 55 60 63 74 78 92 
73 
43 64 73 98 
6 9 18 31 36 40 52 60 61 89 93 98 
3 9 13 19 21 36 43 49 55 75 78 
4 47 59 60 71 
40 43 54 57 59 77 92 93 
16 24 36 44 49 59 60 63 65 66 67 
37 39 59 63 65 73 
6 7 55 71 78 92 
11 17 49 66 67 
13 36 43 45 47 51 59 79 
7 11 17 40 47 55 61 82 85 95 
25 57 59 86 93 
26 39 55 59 83 84 
9 13 25 31 43 44 55 61 73 75 86 92 
43 67 
17 26 49 63 78 91 92 
6 45 71 93 
11 13 27 33 37 47 53 59 63 64 67 74 
7 23 25 34 35 36 43 60 71 86 92 96 
6 8 22 39 40 53 55 60 77 93 95 
7 11 28 31 48 59 60 64 94 98 
3 11 31 35 40 60 67 81 93 
3 39 59 71 98 
2 6 7 13 20 28 39 40 46 55 59 71 85 92 95 98 
18 63 78 95 99 
0 7 11 40 42 50 78 84 
23 41 43 55 59 
13 23 36 38 42 63 65 77 85 92 98 
3 13 36 42 43 51 55 71 
7 77 92 
7 46 55 59 67 78 92 
7 29 62 73 78 85 
7 17 52 55 78 92 
6 25 36 43 44 49 86 92 
29 34 35 36 39 63 74 90 92 
23 37 51 60 73 74 92 
17 23 44 55 59 85 95 
43 48 63 64 67 89 
3 4 7 40 59 63 67 74 99 
4 7 23 35 40 52 60 67 86 
7 31 45 50 66 67 71 73 78 85 
13 20 29 40 42 43 60 71 74 77 85 89 
2 13 22 28 33 59 67 71 78 91 93 96 
55 83 84 90 
3 31 37 40 63 
8 13 60 63 75 96 98 
8 13 36 40 63 89 96 98 
42 55 59 60 67 77 78 85 95 
17 21 36 43 47 53 55 59 62 67 71 74 89 93 97 
17 23 24 61 63 70 74 88 91 99 
36 
59 67 74 
24 35 39 42 59 66 81 
9 13 40 73 85 
24 26 36 37 43 47 75 89 92 
13 31 36 37 55 59 60 61 74 
7 13 41 42 55 61 62 66 71 74 78 92 96 
17 47 60 63 64 65 78 89 92 
6 21 31 33 40 44 63 73 83 98 
33 36 37 59 65 67 92 93 96 
4 13 25 50 67 74 78 
27 41 49 59 60 
23 36 71 
4 13 21 33 36 39 43 45 71 73 91 99 
3 19 36 43 49 57 60 63 64 75 78 83 
7 17 25 74 90 92 
7 24 31 34 36 40 92 
9 16 22 28 34 38 42 59 63 78 97 
3 6 16 28 38 44 55 63 75 77 78 92 93 
23 51 74 93 
3 6 23 44 55 59 63 71 
71 
3 4 39 59 67 71 74 89 
20 57 59 63 93 
17 34 35 39 42 59 60 63 66 71 81 92 97 
7 8 17 23 43 44 59 67 74 92 
29 47 49 64 65 78 89 93 
17 34 37 74 83 99 
11 13 54 55 
6 23 36 64 71 73 
3 23 25 28 49 64 67 73 92 93 94 
26 34 36 45 47 50 59 61 73 79 
8 18 25 39 86 92 93 
13 28 83 
6 39 44 55 59 63 
30 31 59 71 74 90 93 
7 33 37 46 64 
7 13 19 25 39 49 59 73 77 91 92 95 
6 7 17 23 24 42 55 61 63 65 67 74 78 92 99 
13 20 31 34 36 40 46 55 73 92 96 
6 36 44 49 60 75 98 
13 36 40 63 89 
13 24 55 
6 53 63 64 71 
25 37 43 74 86 92 
17 22 34 45 53 55 63 78 92 96 
3 11 13 22 36 53 67 82 
20 33 46 59 67 
22 26 49 53 55 63 91 
